n,m,proc_seed,g_seed
253,756,4865782901354085936,-1959058156631928421
253,756,-7048155917072976836,4938113525860761600
253,756,-7491968275375482579,3845703752634581000
253,756,8213794561484772545,-50898489198195996
253,756,8652272787646516959,7911348447704576803
253,756,4864424774366972157,531818514821073507
253,756,-2846324991276127175,3950069680041296326
253,756,8342437786441781908,8681581585807456973
253,756,6639841583833311213,4161626803331400340
253,756,-3627210669338001931,8484109438989296043
253,756,4394299721970817643,3240128059657989120
253,756,-8677810281153918397,-5660611880721894707
253,756,1442090922070958989,3628209669601976183
253,756,-6080983959558420776,-1229597515535108290
253,756,1435060924987946008,484102683516767065
253,756,7558645880288028715,4952408198628401641
253,756,4231686553346609797,1008321115044969292
253,756,1003524909364378106,-6719030014104511205
253,756,5780315143936413001,606210043802614743
253,756,2074381856300886851,-8136245010194038283
253,756,1842003053067705283,5067350051054316193
253,756,6659438099934206990,7476436675575330809
253,756,3193380898129957358,-273022222014459027
253,756,6789842420542395666,-6162000692460335752
253,756,-4036208870519070076,8581565959492073262
253,756,-5817915258564311153,-5833321036386946150
253,756,-7941039627319635236,-7156418796562540293
253,756,-2889821344194271220,2624082649305182203
253,756,-5754659086866844192,-2994174941764424985
253,756,-6521629712367323699,-5539538277578555575
253,756,8483534339471415785,1928540747620113390
253,756,306207011998980863,-4663429438127768358
253,756,5596474893197288460,8766001912211648618
253,756,2415561688245483511,-7151987317256589811
253,756,4380202434070088329,-4041584935330155824
253,756,8631292670878992424,4359390857087817119
253,756,4498093175633729984,-6560887114415383141
253,756,1197944957068526575,613605654678481347
253,756,6466075703148521455,-226595388134340182
253,756,5892150350406779606,-6270902393196846342
253,756,-2823626724912273603,-1939648491048824618
253,756,3061376048925884201,8445480814961615154
253,756,75767553700096802,315808114129625122
253,756,-8889615401294058879,-8174366989743281638
253,756,6595388807513315909,6031496242762670614
253,756,-5293665890487585989,786190924549720696
253,756,-4895019953480842746,-7911751967501380863
253,756,-6093067641800530133,3788363392366522694
253,756,704826870448160473,7755018101498878100
253,756,-2432977974268869632,-7794213051327971095
253,756,-7299837811540144194,9135421283193435343
253,756,-1722945689903370424,-227729717077884481
253,756,927405577642884326,-7053453579425413192
253,756,-8955005911632439062,2471494238199379114
253,756,-7091699799158021673,-614576569270107816
253,756,-7376315251005821183,-7174225080458555150
253,756,7851002081581898146,4101320639568570458
253,756,-2659522671159674068,1292531049178181076
253,756,-5548487254165645098,-1827325884743049129
253,756,-961034027717401248,7036308865313048782
253,756,8607215523441567456,8999892456011459200
253,756,-3186833388056975723,815986417183888055
253,756,-4688274475244525168,5992138562177206486
253,756,-7889164560868138139,8440615080926558533
253,756,6780212427269849402,3033131726441664909
253,756,-7837471978059803055,7796719876296805249
253,756,-9040436363238283596,227061041852506626
253,756,5389857439110644266,-9026146917210283264
253,756,-6379260374974269574,-5942838915508101712
253,756,5095156425986412729,139950938995754926
253,756,-3324398296493693352,1976054191345508542
253,756,-3709153676118749505,-8613259388041055995
253,756,-9022919954083866011,-4226614693921217431
253,756,-6915149033389250814,3097662354300445340
253,756,-4915510308051032050,2691439385244247969
253,756,-5059377802604808177,-6737670858571564863
253,756,6962245455349653319,3770032710335785478
253,756,7065279522389621016,-5924340813322720902
253,756,-5971655619737811086,4030850522502179316
253,756,-1351170820182440634,-88718043892059955
253,756,5206936989617350988,2243691849327526055
253,756,3350601232090268498,-8451065574146227602
253,756,7441894832273784994,5245453618943572404
253,756,-1141319366318370111,8792383916384151180
253,756,-5312383149528002304,-9051485283399543579
253,756,-3772810767320536571,-6222943289671221479
253,756,6185790146177360691,-2970866104707800166
253,756,-6034810765211066763,-2908711235838267502
253,756,781024633590528536,-8257612770228585517
253,756,-169538841724490174,7741731923924711260
253,756,-5445077815879985357,88539023953099134
253,756,-8777871284978873974,-5986408454319805904
253,756,2755653435066455984,1216409732208220821
253,756,5635091034335903124,-8582317246775250737
253,756,-9207789700841130794,-7107455140247544331
253,756,4020793456354624283,-3100970755932018592
253,756,3293632530362049285,-8844672620893544610
253,756,8063403168570224815,-402563866178920676
253,756,-3621670589500767893,3459179885200353397
253,756,-1427818324050055275,4520329381364343092
253,756,518220653069452926,49646232942501041
253,756,7120909714539107861,-3881740498651784792
253,756,-4247166695608294193,8949758155336995214
253,756,-4390619701134576891,-7614779997070547459
253,756,-1094235369047891870,-1814514989305967755
253,756,4637074443322822070,2729321101700514622
253,756,-7964820345776178569,8291507126865424879
253,756,7906391133071828771,-626596015802395636
253,756,-5778234771556538413,-3531278953460450604
253,756,2087783198374105746,-3948699049768021117
253,756,-1850102383508896993,7703472624492595618
253,756,-925769877720280632,-9138286248390754693
253,756,-2036640774506514187,5466554878352469759
253,756,7553703080104488658,3431313839095968740
253,756,-7768802446359359229,-1948754069870065496
253,756,-361584969320308703,1537790240638376604
253,756,-8661543426750747268,8409196304174884457
253,756,6271530352434712126,2899505824759674471
253,756,-8956973353534151437,1636931295945673398
253,756,-5990090619183516021,-7602972281039423523
253,756,671551280477279130,-2439786239066556866
253,756,2995486839596379282,5836871737280868623
253,756,8788096760233183299,7418365043243483091
253,756,-8395008206280626056,4989186269571852559
253,756,-2393406090167850630,2583351726857860093
253,756,-3455306678665971080,8148649854631505728
253,756,580427838044936282,-6242925805449801941
253,756,3029997814600916717,4704415963028308745
253,756,-2135465080272914393,-3787281052285749684
253,756,-6825204931474522349,-6011929179528291931
253,756,-5434201897082605778,-1158550016570750463
253,756,1552114963153033937,-2599059071565785395
253,756,9059896342371162883,8835715470256569640
253,756,-7427026483878552733,-6816326609259655396
253,756,-3437547557769748838,-2204603609096015152
253,756,-3342562849496054899,4108423703282656761
253,756,8843582808252879111,-1063558756061223559
253,756,7848042341909374006,990360214917341687
253,756,-6740786690763482133,-3748762662030789170
253,756,9084975897750321264,3373130952121018619
253,756,2647124236417782628,-8257641734038847952
253,756,-3553059230584987340,-8649972753715026907
253,756,139127169962578192,8338690485078780359
253,756,-6486705337705346907,-7338951173586474785
253,756,7504251002848476995,5054102349198370621
253,756,4912826594617325517,3839505378100497046
253,756,5750367756748041960,-2899565117285424660
253,756,-4395903935725965343,7997466238308843517
253,756,8203917130222117464,-647433123464385338
253,756,8786233546815007000,-289010876104227612
253,756,-5508868645741822399,-2276111140591421176
253,756,8999831181870787153,6098095404792615714
253,756,472738684887785098,-1867794180825816080
253,756,1591357463216914261,-2383724201232075464
253,756,3129975171285412364,-8006964926470578844
253,756,6388911273644149504,3254039349054267464
253,756,-2057571521279847892,-6352206467483565302
253,756,-4174957535889300970,-2773262280607089406
253,756,-7537759540724050509,5827560322580179087
253,756,-7398023129672363612,-3500182720160167867
253,756,4122950388251894714,-1050356510390004917
253,756,-5920635265564778063,7554252541800415860
253,756,-7271159092089176158,5825742836295031702
253,756,-5511885944899258608,-4805231330891852517
253,756,677283576239616929,8155190307272789208
253,756,2279219489461058226,-1221054218253394318
253,756,-258727056686341010,-730696301612408589
253,756,-4288246665569896934,-4101189973718137185
253,756,2314178615343878351,2060304515735622566
253,756,-4158547978467069670,3438651561133622514
253,756,8224740846379685953,5803196599888817799
253,756,-4062133737584240177,-3792786723202635572
253,756,1826351466003075200,-6493363958320385546
253,756,1163484062058206477,8399223974274160519
253,756,-5160172782800524691,-5216273123498371197
253,756,-4631014289020798761,-9077401444723992649
253,756,-1857084781834094042,1485281970553805307
253,756,-3157684348514391717,8162898749104754750
253,756,-1749434083661480780,-5196560726544937058
253,756,-1959584292282308971,-7017410644377388528
253,756,-5992485215839168727,419926244578785732
253,756,7327634436089692927,2741655073361763289
253,756,556101881233972742,-5625146061098315913
253,756,-6897731202058953121,-1591271512257782889
253,756,815326505129975895,3156979072418758464
253,756,1490917532318645661,-2684721948385051231
253,756,-3539414410613635355,3122721739786484257
253,756,-6784506573223718149,2001662019349095646
253,756,-5233924972456704027,-3098033585475501586
253,756,-3830592331468584409,2842506096737490659
253,756,6145167375428311806,-4240316547897917803
253,756,7061636329909127321,4041750044941784590
253,756,-1689151610191494191,2305060646025240215
253,756,-701203041112271051,-3790583695530613278
253,756,6119986680792665877,3215823789437949797
253,756,4855236839823469681,-2517802610361386012
253,756,6862130445049616241,-101158239263800100
253,756,5107062899693361660,-5656697267855016837
253,756,3764138453438389774,6825472244577378344
253,756,7666158288964578667,4781528211060092531
253,756,-2605709184593467111,-5960989056925900136
253,756,-6560151458206128028,-4898518725283368280
253,756,3191937039208307683,-2618117671228598365
253,756,3881687898011591614,-7776005885294690379
253,756,1527039840613737388,-3445908603223420430
253,756,-6000515731614204957,2597128456322563164
253,756,-5648981501844383647,328637328324991049
253,756,1317625958963033296,-8555525551736394840
253,756,-6458551173832109019,-1701467726799775429
253,756,-4527046373758972078,2688290074245803414
253,756,7612060345577635198,545768043741758053
253,756,7512370923233068761,-5552699495886451371
253,756,-5920432296648086052,2798034928333926968
253,756,-4811828407789468746,-2481535376501689694
253,756,-4650134449365402055,-4439671161282474440
253,756,-646614770538262949,-6389187959306324340
253,756,2654268316526820679,-465668504476345986
253,756,1751827022275721794,3556615243818824910
253,756,2518022131168662698,7132478849783935188
253,756,992801337444425466,8554582818487265239
253,756,5688536670276376541,648900502427100723
253,756,5846117676498429165,-6032849631422797352
253,756,1233613440017988951,-2997231069882218316
253,756,-2572885479625765245,8297910462778023389
253,756,-6590810358935901260,-6343331448536153469
253,756,-8974927920736815569,-4252870643414894865
253,756,-5055968549815549194,-1332808815948513142
253,756,2184584187696993002,-3517371322336222948
253,756,-8162225738455188236,3525963303122516742
253,756,-2182823266621303910,-6187188707213286883
253,756,-6570692380874852969,-7192723961000022933
253,756,652338292368063322,-9061033054116380092
253,756,-8819353777113606427,1137943916474882789
253,756,4699281543022302640,3476079625533413509
253,756,2183355228835866289,-8345679817085989915
253,756,6529910063611377179,-7734023347326733525
253,756,321809744401941490,-568665625888150536
253,756,4151770987205868219,-101605601064889054
253,756,8628496317679848522,5574071959688063087
253,756,-6832673565646303718,3988411684765973241
253,756,-8930596255755911982,4505184004437835279
253,756,-8396101671016971771,-9044172208432302176
253,756,-7488869705435524731,-3294960800377338175
253,756,4539661678938755131,-809709696270452053
253,756,402671847285620267,7492886458751623220
253,756,-4930472749581501705,7840837209923690891
253,756,-8033529241091245135,4304078839011156996
253,756,7217795904370209300,3137653579641179959
253,756,-568969091162304416,-1474650965171777249
253,756,-1912933905283918287,5963783236979597387
253,756,-3665392196495391764,-5132260934878390822
253,756,7484023764751368179,-99820212287642694
253,756,-1349918129547509276,-1143277706296180565
253,756,-4099304550401071461,-4547445442576558805
253,756,2535763741271816326,4516982558707494433
253,756,-7855309991481337353,-656370417876188654
253,756,730273202783015072,6071157001036137112
253,756,813225522375091538,6150278310355771308
253,756,1652546851694542746,-1570274112062069336
253,756,-6893991433975189151,-8624709937524696259
253,756,-4891125939720197078,8298430617586106815
253,756,7854361503455268737,-6915836085138607723
253,756,477111406512536265,-1069119537585183344
253,756,-4928250061054640372,-5656277116626421387
253,756,-4305528849410086231,-1984080625646719656
253,756,4117940815556221506,4431099605955563970
253,756,-207681253891261699,-2474102213268539325
253,756,108716825643082485,3723300154845850668
253,756,2270023203947835923,6760877713173508636
253,756,2096715770592367133,-2693903313329431881
253,756,-8795956436391896604,8236254973145985315
253,756,7932750281644289593,7008974203850844280
253,756,5611939038645978995,418730763922676476
253,756,1913348520018448218,-8654806817653456659
253,756,6125781859219936758,-4389576925942880618
253,756,-4442890799194410921,-4345439612393296507
253,756,7664860972672963329,-5830991000719372670
253,756,-8305803260177919458,7442386612150450803
253,756,2682833307584748100,-2326337193292255120
253,756,-2250213122655433524,8140747650394259141
253,756,1989630333712766998,3352867313040757238
253,756,-3555387380808844137,-4073585843313525666
253,756,1914047841578644198,2829550500142898280
253,756,2689919890934437721,-6138398122952254094
253,756,-1299874595432563402,-3149541069440002825
253,756,2558626260433523964,4687491724820068801
253,756,21193568155494744,-7094418527704743018
253,756,7875166881879512614,96296832009514715
253,756,-8223368598404085056,4170100632473993448
253,756,-6215374844043302115,2512939433427166018
253,756,6502872074548128952,-6638535855070380379
253,756,699992004820310601,-5473434916590180411
253,756,5260074293113164477,4405760991994072565
253,756,-572612761346136610,-3437136222130001207
253,756,396909011204075095,6868507413314845409
253,756,-4915751935182122571,7007692253859527236
253,756,3699509351680712218,-1023541829860491943
253,756,-3110029580303565220,-7481957776634643101
253,756,-6524634942520274402,-3398475988923426315
253,756,-1048233408356036785,-1811098708449476909
253,756,1651725245539515470,3359088931534220262
253,756,3039412583851466556,-4985125078530599911
253,756,-8163620200726167773,6926691785698384859
253,756,6846351225110102502,-5127443088250274523
253,756,-2093088464100853571,-5020585535918864855
253,756,7964099945463840084,-1631189912950385288
253,756,5488542915651034421,4733820059568451407
253,756,-6874277923695936349,-7486554771426983091
253,756,4184402827832854845,-6209543491008339527
253,756,-6415090663895399908,2769096114460038942
253,756,-4540056483971298508,-6264131934516808084
253,756,2675836846811886978,4960939453286163144
253,756,7126861994248854937,-1393218841626723689
253,756,-6724684141456024766,7809275087394264630
253,756,-7832546889674049298,-155281316824677160
253,756,6852293722275247996,-8005335240800794163
253,756,-5617639684872433428,-9022124992060087714
253,756,-8832310676634483212,-43921292336055139
253,756,-2529384557256904775,-4071334271599981274
253,756,5226867872505931315,-7457834209424667952
253,756,2023505113797893285,5221089180895861041
253,756,-7617072340465157323,-8082301967070361625
253,756,2877463808586126100,1914304632150627049
253,756,961042313712832524,9212488118746940281
253,756,-6723561096097493919,9149882754212674526
253,756,1938830474491365879,8544750706022939995
253,756,-3448278646550329978,914917654091592383
253,756,5856164998028321718,740214742263143271
253,756,-3790530018462832209,-3015326677264884862
253,756,2083937098282161696,-6613761261499314369
253,756,-3271273273461001992,-2803014988153345830
253,756,-7478286282783059375,-6017936759350167286
253,756,-4655739112982803724,-2599259668228037053
253,756,-7922483094626889804,8075716121659270715
253,756,131497027362384551,-2415949127385819460
253,756,5932628135589269089,-1651750108169691251
253,756,6480767903329722987,-6815942563133663625
253,756,5685370800837263890,3824604750419485002
253,756,1401043302931038648,7505630390122470483
253,756,176005587238946499,4665924660864492318
253,756,-6948130311141687250,1858919054554978718
253,756,-1339103347396603136,-8151838098497176741
253,756,-5409882760471276538,-7244977078737705326
253,756,4327598050240813442,-3253816407409118219
253,756,7147175442644856802,384612704842851614
253,756,-8226789664513066860,6070253190997884602
253,756,-7243725266615947967,-3935764041170404562
253,756,-1896996033791928457,4896554151891529447
253,756,1668024624597823490,-8673199837051450836
253,756,-2034016674436316407,-2710373969614634151
253,756,5086146231841967703,-4234786125260870359
253,756,6452327631233136345,-7760977834873976862
253,756,4559361291084719327,5325665035259957571
253,756,6747580601445980911,-326693180916618822
253,756,6568782187513969406,3140186313220881410
253,756,-6475639150557387818,-7352193316137684297
253,756,1497629586773528813,-1976913176931835286
253,756,-6010953299562045636,2446334336066370997
253,756,-5908167524355795722,3860121185664223256
253,756,5516782410745796844,4863092794658931692
253,756,-5199495951624091016,5215956685991457616
253,756,-8088198334579378602,-3874354593356903412
253,756,8165185044310441937,3104309733823629793
253,756,-2591414004561546860,1779295959745897590
253,756,6877644065792466811,1519636482287891671
253,756,9095840859340972987,-4885078604342858433
253,756,-5080190719445494650,-1556930340402296710
253,756,7274939820025928731,9058961468411112421
253,756,5692299880695797068,4964034976317271302
253,756,-6396565235897616766,1440033715169325563
253,756,-2945207724744162766,4004531228692700352
253,756,-5376105741145547452,8748192399553929306
253,756,-6517339428428602131,-909748178439845010
253,756,-1267504419688153006,8696749407699363699
253,756,-208018320301322940,-3834434193982062119
253,756,606735788368046713,838309630651842443
253,756,9146104405099507182,-7807867474553942594
253,756,-2146593030418063415,-783900249052230825
253,756,535639901486640290,-7088024193325852069
253,756,-5729593946680882234,-5984941601905795981
253,756,6770749512910817683,1003902668856502527
253,756,-7290199520263767998,5430224881531180870
253,756,2731056253560691711,347551878996781387
253,756,-1176925314848089607,-2342992372305882005
253,756,-5614470566586575786,7697640243203865452
253,756,-4833015092841593216,-997989274017934504
253,756,-6447885691979142424,5346762470570851836
253,756,-312089275848322636,-9093887505145126836
253,756,1653256280786118047,-2412853604997543228
253,756,24148031008551348,-9160848107986446121
253,756,8328903597534129228,6684918126270282138
253,756,-2216145578516398163,8933301734144555911
253,756,4312383563759664948,-3080089965659867914
253,756,-7069000943058556432,-573843626654180383
253,756,-3553341922373667523,-6189306756166237870
253,756,2361502720446985251,8373096918413559582
253,756,-1145791723697077358,-6981200736767705820
253,756,627472759379648807,-6252038566963247116
253,756,252324489366697710,6702930153655090989
253,756,3802726500474736578,-4060396765253543061
253,756,-1873510258604993876,3068658786160314440
253,756,-8907792471582460010,-2458944397470669676
253,756,6473159639998567940,-3324056737730502681
253,756,7572295497283141979,1376778231086407267
253,756,-2374284831166055165,3517812933135883488
253,756,8785615607161925609,-4174992178981801885
253,756,5257626293747648976,3663452843072598061
253,756,3531827372879517553,-3801681979056651452
253,756,3417084360599181904,8478883782074529471
253,756,7145930981496231889,-3080478624170720158
253,756,2047630872851335814,-8764763066032462814
253,756,-6094515999026026621,3889710434897733976
253,756,-5524452975904384288,5051915059189731751
253,756,-1440442792504445555,-1585778420187527982
253,756,5334540164847652613,1819858624855605678
253,756,-987744033702988293,-7250022198202325788
253,756,-5208616126100231262,-145225153873851848
253,756,-2187067524651342496,8413082099269820994
253,756,5501229361856203785,-6118569404489928744
253,756,2520138464083986378,75651842349313780
253,756,-2166526941280702020,766081941172045013
253,756,6733067490316348486,1711848193493981018
253,756,-3063081711633303562,-8707273191621018313
253,756,-4750300391710416479,7370648957592322090
253,756,-1369309176211700620,-9066873679256081276
253,756,-3828080642444833037,6453754813426058954
253,756,5203867796453402413,560695424656433309
253,756,-3982816103381360754,7522194920957165686
253,756,-8082428226218966284,7394166003674446520
253,756,-7673067691446846929,-543870289942257796
253,756,-7677766059880050669,191777246636842964
253,756,-8440434520947672166,-6298736732596989041
253,756,6046318508512286236,-4009473560346415209
253,756,-5207630551848676494,2838409321621328030
253,756,9085339299672815684,8813497714530532016
253,756,669700583155434039,-2755522058159830284
253,756,2890146135597021812,-3623740072204071841
253,756,-3390604013875303306,-9152190675914879424
253,756,3787949365546018531,7359484581053910102
253,756,-999013208476496834,6217462198087720710
253,756,-4963963231123736509,534492928377954561
253,756,1035359534488035651,-3981888929597565214
253,756,-4733634605344011635,3163485337813570371
253,756,7757166350272636077,-473672200955740185
253,756,8745243446972364851,-3991282554899597950
253,756,-8066650224330973430,4941814526265443431
253,756,-6693880224141317172,3577303697875730744
253,756,1414274563460288126,4336886439006508056
253,756,722416714045189930,7848774565791369228
253,756,-1874295268684255775,6109163597897479828
253,756,-4077737778133568331,8036620064976861977
253,756,4791736438432517672,-2085997112833803239
253,756,-1955830062962810229,-8077485495922370664
253,756,2172396669802837159,2924119184906965276
253,756,-5186038555347063627,3248822900417352267
253,756,847120423306372707,-7922328148374968547
253,756,-5209317089543941582,6181650288853493616
253,756,-4303008881081103824,-5944891967420316771
253,756,-7601347086430628543,-5187745284370469447
253,756,-6185152078437093120,-3946918876368712982
253,756,6291392484554235434,-7635968672309779517
253,756,5549966060618643158,1307487247497475354
253,756,5880783531987686791,3486628345134419512
253,756,8026494370899006807,3721093226574258416
253,756,-464133675868535270,8176089439634216826
253,756,-1769432127115892626,4782752852158736489
253,756,-5002128711051734975,-1039942989898149375
253,756,-2868397560192500735,-2890135360124700764
253,756,-108307390376197223,5704510020905329077
253,756,219573384108083404,-7951633778732116417
253,756,6349013267397096682,-2987852170116741532
253,756,1325095667340292489,-2127503004595543429
253,756,-5185204120354694753,-7797206601728797620
253,756,-7729108411241568630,-6221658279063251082
253,756,-2361715279033309726,8484774879600726886
253,756,1153403522295778630,-4638018360129640146
253,756,3143440680518678264,-4413953672699845316
253,756,693845220032473569,4568087435896778936
253,756,-8909059602765624853,-1625614779707819569
253,756,3922992655030900896,3866252601872111547
253,756,-1960773052195420899,-559860152403792722
253,756,-1936641675865553513,7501458375374960513
253,756,6226265328687969950,3317733570845871717
253,756,-1650453310577428511,-4713788244695783189
253,756,-8782276404794312859,871155622374896836
253,756,-1487792121405613506,-8947384371566153234
253,756,-1280806926540083088,1113212770833030009
253,756,2268615317187442724,-7277157578087397629
253,756,9052106338718910250,1159222796159025060
253,756,-4793588215874416509,-4238838734509117701
253,756,1621511437996181508,-621164382480692338
253,756,-8933575451526615779,-8255772794613051762
253,756,-7474392715758465247,-5609214451075013273
253,756,5263194020500380611,-6332655526679555596
253,756,2612678993603728761,-2197017734540741042
253,756,1761545683675038421,-6870126479206033855
253,756,6890616944320806591,595553351991763995
253,756,2836461028377947605,-4298627696611081935
253,756,1606589642005718107,-4593422786710469103
253,756,8728000429419944287,1708941598339970453
253,756,-4922599754521102623,-7144839918890497195
253,756,3898070143960646019,4043067020580124746
253,756,-199993114495192237,1547348249259188316
253,756,-7836188049972146622,4968621311153520989
253,756,-4634029411677679959,6139677480447638198
253,756,7557019207614225819,-5846270039279702159
253,756,7384924958752914212,4862415541103547003
253,756,207439363581667984,8571991834109177668
253,756,3345023097896703471,5282023992105519527
253,756,3833353531557581502,2877976814520627818
253,756,4318454044311167164,-7450295269106536183
253,756,2533278971024982311,4943817039586446860
253,756,2780118387906759667,-1261280639778447843
253,756,-8474319502371177250,-9127098066580961395
253,756,3308396964646589786,9111148786929358322
253,756,7044220279772587448,-90504507112979742
253,756,-6080236688176494464,-4639183111394953600
253,756,-4418036519867588564,1651933690027627384
253,756,4228445272662510489,-2438219444345613451
253,756,8043495672406744152,3551787580035577847
253,756,-4165850651745437003,5334699168265623037
253,756,8586880798335242578,-6553104336402861903
253,756,5210434203172770394,6454261330785848818
253,756,-5075909190524772194,4740739378666627896
253,756,4202807374235650600,-2603167073466589053
253,756,7565403840984460113,587950989046471856
253,756,5927673904796966328,6716368114213138834
253,756,8201629273955716648,-5079926747513021685
253,756,6566399411767048438,97416977081008411
253,756,-7389283977841608068,3148416223703504381
253,756,899112281768116714,5490640262469349342
253,756,-763066295558955500,-7681945853765721435
253,756,-5101072258858897096,764086404099344932
253,756,-6358230085592182337,-3718104203876125938
253,756,-2338496416715595851,2276112448045400650
253,756,5939306734105160874,372435500024240818
253,756,2110211015310262198,9201406955829993564
253,756,-4758461549036372247,2593377987081439125
253,756,125585371037797852,-7782949074605558090
253,756,4882729324572007798,-5849942251910214698
253,756,-6600122820943813633,7102214404203410354
253,756,3750560936195241763,5467198032793502388
253,756,3468562014657829953,-3500693618902993642
253,756,1349818968873653651,-7124680035159838602
253,756,-1156948552509956030,-3940545683174510320
253,756,5033232090739258501,-7245449866317588536
253,756,2235436496805065225,-2115235778070493459
253,756,1605454238603833788,-7415198045871286332
253,756,7611696484749923955,3431032425903653700
253,756,7998377307406346178,8378863794334119015
253,756,2942465707961250757,-7250711301071750098
253,756,6651125825766906509,-732299727803243673
253,756,5312025701958954764,4728632693572496081
253,756,-3617854150409677567,-2089209137585850023
253,756,-4447546004255319032,1511304287706504076
253,756,3197790510721643198,-4456419582286437760
253,756,-8493474972118661233,-4079426450754531569
253,756,7773655351912884960,-5884829109889068952
253,756,3917488388227446847,3277539271156203294
253,756,-7679906048526539597,5266256476415868603
253,756,-8742517976209673420,7651234254688804154
253,756,2951207874204487596,-7135048063965906340
253,756,7556064353810284092,-4691565898277425129
253,756,1843629415572379740,1886287643776688888
253,756,3292969754268393232,5783632271346148291
253,756,-4022965870381366799,1930250670749626979
253,756,5181373535407569202,-8898033277364623650
253,756,2194750756002002998,-3148466579207676302
253,756,-3588349254436331133,3772535147631933889
253,756,900337992305064527,-9029740834679004373
253,756,937861618953697704,-2157077998494199729
253,756,-7437568979255515273,-2528692556276733150
253,756,-7883715197424242018,1456626783102209199
253,756,3358808978635684094,2559019227799465565
253,756,-5980912436213806308,42417660407516845
253,756,2056391343415067240,-2657075224597731479
253,756,-3282249094315444817,-7654170851180648917
253,756,2001330961939651433,-3344430182395154636
253,756,2494345091772579077,-2040916391053222725
253,756,6713728019224291916,7296980433095890504
253,756,-5571082401468184470,4970964438634716614
253,756,-4348685655176032135,213923415587494108
253,756,-2645513068011779981,3989808227389961218
253,756,-5383166703647696771,-852704790536786996
253,756,-3550770874325100132,-6790421027431866803
253,756,7522219469853437296,5748217180353408031
253,756,4689674680652764023,2236183892264104808
253,756,-2279711939101293196,-10349599143688576
253,756,1992871450046470395,5083036824183876872
253,756,3460240577510585321,-7582110814742116042
253,756,3553174861835222555,5912572168263085080
253,756,105929163516006289,9025044256494353428
253,756,1051409999570946741,-852218866186236761
253,756,6127877230597573993,719421575383676272
253,756,1882131111625186905,8276347858540595560
253,756,6424980750235572234,-4823860381207653114
253,756,8478268984368469767,964383282460056200
253,756,-558779752490248458,-9098704064483965194
253,756,-1316724574769394130,-1973438917767310108
253,756,1804171485720094782,2122737061391193820
253,756,2011275830268907000,6135626138280233431
253,756,6390538255088680722,4806671849827440039
253,756,-3676688651153766602,6844493087513184736
253,756,7882160886108385954,-5483341897635023330
253,756,-6735426683869418740,-6684001055447689609
253,756,3746659499588976365,-5257730873979582242
253,756,-6946407595264533228,-1952517545178221334
253,756,8247341572233388362,1730421142963957343
253,756,-4856690313978645296,-3632682135761225305
253,756,7912654272594365414,4466353948592149505
253,756,108481381193552688,1032075658962491532
253,756,-7739399948307878612,-5330531119120367137
253,756,2311523683112825516,5877111257923112256
253,756,3692917688209994812,8543943086876030737
253,756,2799085836426322348,2128917262963685386
253,756,3938671798413122548,1294176143580755614
253,756,8557429572000447956,6825773481494079369
253,756,2591310311433259868,-3011544122324924259
253,756,-1599226585491063832,-1361927200797075288
253,756,-28309190942661949,-8205678285798796180
253,756,-7179045641857770719,6976695514644383210
253,756,-5638898218318774741,-814454955186813290
253,756,6975970603349807799,3666824958353496085
253,756,-9063473299940681819,3012198004838230345
253,756,-1997761276465871062,8392677223195400568
253,756,-2770388409486996144,1468376029498670410
253,756,-4262295578673609489,4521438659969973830
253,756,-8243617893374405734,6718486928236197737
253,756,2536990086512606771,1628874774557682158
253,756,2170715864170792512,-8859283085156498895
253,756,-2823914681897664942,-2696464754255416082
253,756,671599125038779005,-2839627574792070006
253,756,9209881789731596576,3351961172923997998
253,756,-5189714620919579946,1604571799700348422
253,756,-51350346651604646,3808494000720493958
253,756,-5690633453858256718,9080580499126537099
253,756,2962798247558323613,3525433780095424986
253,756,8074518111569862494,8435196563810667302
253,756,7944473193990889569,-7760770886874657830
253,756,-8216619215351470239,46240892845152485
253,756,164233818609463437,-3125010676528989361
253,756,-5808668233077955908,9185312024316118279
253,756,-5459790594332270986,-8253011712873442267
253,756,-2820950020470060946,-4987149763990035084
253,756,2760813720388283058,-6845550861706479651
253,756,8553490130334033015,-5225538831591312410
253,756,-4988046154526324027,4618987497868790596
253,756,8716540765551030085,5882550166007692481
253,756,894705562692729214,-2029960484362003844
253,756,2782857503286646739,5463314994883632104
253,756,-5375997004875300892,6889729205617861939
253,756,-9049581602761612414,92648504948844453
253,756,7626925204523959844,-1873817381505929929
253,756,-8654355254292216011,-3582856170629002066
253,756,4063268749156875208,-8849993515623896647
253,756,7740644283464930200,-2741902741514673485
253,756,4205211944985927309,-6242078645289567111
253,756,-8963389280531436163,-8599457167224830610
253,756,-477113463195058775,1449791476357699374
253,756,4695717248359201587,-8050627395737577328
253,756,3488557938368107816,7959263366479326544
253,756,-5257246612398814905,980732188303000230
253,756,-1381526785158347856,6987790944009161152
253,756,5092592379484446538,4791557377914702183
253,756,4099234146845938918,-4429372560245512898
253,756,7832335641205611199,1167615343706298499
253,756,6789119299205551239,-7694765130746638803
253,756,-3316389286097257193,-5253971994117970299
253,756,3207555810997302421,-1915259088910118118
253,756,-5066269538624393456,-3466612328007576575
253,756,-7658607268976875020,-9148909153226946384
253,756,-5167105575955780013,4989526268465433098
253,756,999173140476036006,-5326442327018440045
253,756,7856165779579142268,666984256365119349
253,756,2703606237048767430,-2735144361243797737
253,756,-8642615387604616843,3205836453559767012
253,756,-4171859270787250218,8383918217420104422
253,756,-8566196893178657061,5307317403808540368
253,756,-534421231002501478,4321499394002824579
253,756,4982017395187495911,100112820003792639
253,756,6300814269273842540,-4606864494908083134
253,756,6763269098891727143,-3296081400291018057
253,756,-1664967158483665746,-8081640837319813437
253,756,1954952314048150654,1477183185350599638
253,756,2956328230673983572,8091979245733425072
253,756,-3363497944720210566,563302156477467089
253,756,5395905427356913806,3329171918151758723
253,756,-2100450915226061959,-1568912572821287910
253,756,9197964773523651372,6148830802091381625
253,756,5072470896976038457,2777040758262696547
253,756,886574504399511606,7057914418187381142
253,756,3451354654484852879,1121726271653759731
253,756,-4055978516012294213,5325359872269872567
253,756,7986337750788952827,-2764043261040530448
253,756,-5210558595385678192,1849568875917732021
253,756,-7874406046332114354,-466441046996596505
253,756,892537940323833074,-6307404904488458644
253,756,-2667086953640719900,1883819214824502483
253,756,-1664424951801530010,-1386585981427677043
253,756,-7096803005458708285,7472237836080992483
253,756,3929280464300767702,3234232082363668338
253,756,-8257789337239986315,-8812686526415632463
253,756,-4571657038557359531,-8348278268506432816
253,756,-6808548320981553614,-2398820309114003183
253,756,2523675163331208047,-2555905420664295025
253,756,830819544463632702,7777642343247602727
253,756,-3665615052572413401,-2076020117585496559
253,756,-1105986285783369875,-8141751150716575757
253,756,3579773955927117773,-8155489273355162233
253,756,-1715285011438392634,6747422190432478096
253,756,5871097760112400772,1438679086773306875
253,756,-939780799134456406,-1351625895881722918
253,756,7505091664711889274,-8272861625350969968
253,756,6115654252143880555,-3851303005716758197
253,756,-163671205643220778,9154420371733027622
253,756,-5584297248953020999,4551902889220950320
253,756,4552019646160250019,4432638230969659557
253,756,1617036952234644026,-8059081195557982302
253,756,-2087309313151221488,-260352567693115886
253,756,-4180597419511581076,-4381677578008165785
253,756,-8462867814847255592,895997860069865305
253,756,4433069964518192620,-37518591625670055
253,756,1214243245583937662,7292900419336477741
253,756,4154362533331333243,-5355099353131866286
253,756,8516595395622535350,-5316668851680462218
253,756,6913042137887096893,-5021110299004365686
253,756,-1597535005997074910,-5337132114013948919
253,756,1859168477436369745,4911502265697643867
253,756,809001719808514760,7165014977279926638
253,756,-6199879007545106397,856663083838669267
253,756,8537474494705511272,878456658207993238
253,756,-8060846394726004905,-6832871190071502460
253,756,3333579550128218248,-7167381458949046199
253,756,550476724482184727,-7160421148738162928
253,756,3632765586980533722,8953730142168342018
253,756,284056988556264051,-7610659755153910058
253,756,3732191099375210127,-4234870030464807913
253,756,4791413427878040137,-4069272608515053537
253,756,-2575114580570398229,-6585725941283369448
253,756,-444529328172400407,-8684055505010636813
253,756,3699961030101587650,382518179906563115
253,756,-8328004235032446019,5219008120610473610
253,756,5633556747282691041,8377537429481915470
253,756,8950182781673769287,-6595510566703499193
253,756,9142203028705354505,-2823426831344471946
253,756,5402516156936523461,2097762534724868666
253,756,-1662061592501154291,-2830790673008332054
253,756,4347397663473972098,-5742642265052560794
253,756,5523211581344561199,84593521018164682
253,756,8125949103877611760,-2311731411933116480
253,756,-4449926899656788024,-7752026282156368582
253,756,-8541875611817105131,4707887804239313090
253,756,1393097845106673564,-2499259221507705166
253,756,5751844187638917344,2377783715355238954
253,756,1618302147914156069,-5633163540751016150
253,756,8571187020919300028,7789106246018662335
253,756,-8160263398714490560,2142692451671237082
253,756,7157884388518921123,-1250469867167368967
253,756,6317693087311550584,-1433263089141906072
253,756,-4884847756816867768,-4737300875729264296
253,756,6749500391458001606,-3112668044341916531
253,756,-2486945852329818655,4668661818698945545
253,756,-5071126637492661010,2063724102650473949
253,756,-8198819159290403646,5828160891548369927
253,756,-7745743602106993464,6783584308986655734
253,756,-1539690727483476755,-6389184183857774789
253,756,2717500973756007818,-3197803113962941474
253,756,7981573109416442083,2081263680677949321
253,756,-403817766081338904,5499783984205371237
253,756,-7267777443650632881,-7278447544612608407
253,756,-8420461038005410640,464583807299010564
253,756,8390819177069895553,8827382708289454646
253,756,-8463458962006382720,2656343400821808639
253,756,-8904149133791205250,6309510235954305164
253,756,-8174357849708972260,-2905903044805824664
253,756,-6856440250447998117,-8365030173585114532
253,756,7840940842444948887,8543537049784739653
253,756,8297437255314266528,6677300730489900366
253,756,5305641298206480377,-6714187803766502838
253,756,2466684988095835413,3620189912192617944
253,756,8159602014245491661,8954812911774159979
253,756,-1122353004710024184,2260397808975350005
253,756,678436390063217579,4139044601066193937
253,756,-4961856317993947312,5593318831261702615
253,756,9015884106998556185,-5553796913062922798
253,756,2367641447520230527,8784000158866850876
253,756,2742740570015629704,3769004010089120385
253,756,1758035098084851888,-3625855046602249601
253,756,-4690514964178406948,1593101571688787538
253,756,-550807233461010610,-2635503535413265965
253,756,-5886507204222194336,-5144016424846750991
253,756,8016644293889548650,-8438255734133233085
253,756,-6481433617700384889,7921267821669227260
253,756,9135806993640410710,535999756622865910
253,756,7163127146861138828,6179967511488512987
253,756,8339297619803282034,-703064287964816411
253,756,1450580228558894824,1497256620777648403
253,756,-1479714289121855859,-4175229485641488607
253,756,-6289062361780776926,-6239961732565265742
253,756,-8679885320292228371,-6629477017274614092
253,756,-956294472785528996,2815845981085056874
253,756,-4870841776269129360,2260490281662950857
253,756,-7727465824064494382,2449264845194208774
253,756,7404550032887803103,-5247221094336172972
253,756,-1723740346142451444,4310148757864061604
253,756,8221924835245386390,-4290634243615218167
253,756,-1219547472207991385,2152168581148393225
253,756,7844075168039198905,-8371105727796214544
253,756,-7058958300424498529,9184650752641946520
253,756,1595161609244447113,-372532868443543675
253,756,-1799817690504323067,-8408693606684222861
253,756,5684214588563432656,2024186502194422832
253,756,-2335410174273120512,-7067261529760166956
253,756,-4093211723273111581,-5931329871563661791
253,756,-6344775830198706132,-6615845105620460936
253,756,8716674138203037377,7890749853285949625
253,756,-2921038069145004970,5669448768382538380
253,756,4779538714202875408,6302110957938963958
253,756,-1556868741406338586,-8024653609228072385
253,756,5164940304027201905,4552712616560351031
253,756,-2104538948486606007,4998244906190416305
253,756,-250502811335932359,-1213202959192831354
253,756,8750393127173462434,6634280142693721128
253,756,-7391028954499153907,6107462547838324027
253,756,3805770676094558701,-8976123986504007961
253,756,-8367349454950694618,4384531829689789774
253,756,-2199871989303519991,5474283497322611908
253,756,8453793880982212760,6549083341174762401
253,756,8387860000523618610,8306032182075655522
253,756,-6471846908499330994,1933470777655246846
253,756,7852107191446800101,-6538110734678642440
253,756,-4193935864500476593,7695367293494584637
253,756,8534018830177328926,-8376130079756594823
253,756,-5856416796906546779,-1152504746440378058
253,756,-2705630034698912885,8776903819284455767
253,756,5732628630722065865,3036168427030824860
253,756,6834866905068118236,4037813575466122799
253,756,-4077939775683913058,5413820317328724106
253,756,6416025021718317356,-3798301487471448712
253,756,7091395961810243602,3190980727466447093
253,756,-6774262497437805899,6369953056530527756
253,756,-536098149949536145,-4934565181458157669
253,756,-107257191166359729,6589051219092054389
253,756,-8605556262660167589,6584477748163047671
253,756,-914387165195855076,587312770132615684
253,756,1617390313174439908,1786581392320862114
253,756,-4731467430012874674,8043592406841214328
253,756,-3391035554693502408,-2584598296103190422
253,756,9068939605495997657,-6919045300799112451
253,756,1391323609874415213,5412365116982491149
253,756,-7450579377450113034,5706141724794930739
253,756,534782338985454208,-520029688855872826
253,756,-8088490300435873426,-8155886639105427176
253,756,-1406883344526124734,1153887065456825363
253,756,-5426375885937810916,-6601782430252027450
253,756,-9186710653940756465,1455941299368888351
253,756,-4336872196618382101,241742531812756323
253,756,-5390230579951592445,-1595584244815635194
253,756,2676822303445961440,-2588288704609487104
253,756,-968857370115803657,-5953232435782610153
253,756,7158006607843947671,-3620647605720175849
253,756,-8364592023289149618,1551307553388528552
253,756,733316360523656384,1914469275293687234
253,756,1862018751386619777,2929220995709848402
253,756,3706149121968633838,-4733113945481547462
253,756,-2443708354358638866,-7485139474340861409
253,756,787266516636024696,4432928547881946724
253,756,-5712671103643359590,-1608719348838917069
253,756,-5036314184176663720,4120651394311485746
253,756,8050242612480236808,5501544254887387480
253,756,-1533904570854760330,-968772224587828226
253,756,-6437971721609032519,4174216614738254576
253,756,-4439987075857588427,-4611251999497931940
253,756,5129020243373257223,7773545846877268810
253,756,6803804029574657361,-5310189867818495314
253,756,-7161608909870445806,-739774057461142693
253,756,5015817463456089218,-7909004836725025876
253,756,-7713666922324998003,-2531277034362934772
253,756,8376108555762558991,579369904203525778
253,756,1200551678083055225,-7617134042256157236
253,756,887635643381596408,-1526440458948926844
253,756,-6359645992961188691,2308696860500696311
253,756,6237789885463864557,-2001944361773832574
253,756,2724696376854790988,-6785529811260040262
253,756,-8262197514507768087,6606979569290743034
253,756,-2283117243726644889,3285665419179513857
253,756,4956157455367395587,8423065538815671338
253,756,-1930031830325720833,-2053545502707860304
253,756,-120834218388307249,1698279526686365461
253,756,7298292650338078795,-4250993404065764970
253,756,-718800145425717663,-737169698014758532
253,756,734263047332080416,-660970692236213635
253,756,806304526035268329,-6231010650940988872
253,756,7427465085028172221,3794133126055751167
253,756,-8922424851066557032,-4750701691502068561
253,756,-8732707030995322001,1431090659623934380
253,756,-5772516926984583695,8765459668697118248
253,756,3486122384162194426,-7855331634949103416
253,756,3650264503001582472,-5089060729254422445
253,756,2633150463453690500,-5515934895023078141
253,756,6636812593496085052,-8187687185251639426
253,756,-2549262483805337117,-8511380025986703128
253,756,5864079220982595572,-4749409155458395644
253,756,-3968035707235843503,3057168144589910497
253,756,-8761153750029409697,-8939359512135867233
253,756,4692426994790250381,-5216667763411548192
253,756,8164916782271294105,6758620121841380466
253,756,-4037061733413937962,-7188855391179234218
253,756,-4516452054166088798,3203512285913151107
253,756,-800500579050182287,9135149326008326657
253,756,-1356175974004914710,6035256522989889448
253,756,-2888956168581755090,8908902247114782081
253,756,-3205096517574342865,5769453944465862316
253,756,847092772375092820,-699087921030909697
253,756,-8059049435297896401,3744455825503953390
253,756,-677993831057299274,5400627266885013468
253,756,298816879261561490,-8246270865475155947
253,756,-5116613530235266394,-1731611207204548340
253,756,-4737936991163167836,5867249265489394808
253,756,-3807767646273291528,-8467336318602550546
253,756,6765216125614566500,-1365786809077432647
253,756,874320174161549069,-6773728037633200648
253,756,8575789718166058815,-7334031630864619863
253,756,-8288795020756778230,-4697378681060237725
253,756,7383635634823210831,603075525669833081
253,756,-8639739138309415467,-292480607520546386
253,756,7470891171215123314,-6137425196627152954
253,756,4513537739715480306,5056086285595641021
253,756,1137894459449029288,-4861320111327361991
253,756,-2287483799606462566,-3647902350807790013
253,756,-1874584014881965055,-1657468255837405198
253,756,-1767026902402245928,9080113794377264430
253,756,1956448954738323246,4501226039994378167
253,756,-6547262758829138436,4210823596209999033
253,756,5014533372547310603,-1501905502856851912
253,756,8279198401009736962,-5778145990399347422
253,756,-8475169972044434202,-3517375807172047038
253,756,-6690679055065456569,7146649331257061810
253,756,-5550488862957727322,-2640008381393724454
253,756,1726500672230731169,6629159988139107089
253,756,-6624520883711598457,-4596112091049124968
253,756,-5302515707858519068,-4817602648354016290
253,756,1087793365578447765,-1241111623405307095
253,756,7462032481438266189,-7417593358997125852
253,756,-2894853262687365735,8734648054833534185
253,756,-8402404496757099620,-2591238239647531890
253,756,4999346908211876925,3702729575838708862
253,756,6613170124797571007,4620618652129717455
253,756,9157460019265135664,5519120309458408853
253,756,3208095017591934875,-4721787711110351184
253,756,-947617934570948237,1642194230975221170
253,756,1421095976937817012,2759517985770799414
253,756,-6959347133542687684,6911831642918050117
253,756,5967293111022461139,-6918589798782940162
253,756,-3526271418579759621,7936723463720348670
253,756,-3690059102822878896,-2061602150210927203
253,756,1317959626365598528,4629537188724843603
253,756,1649600243482649120,-934797752692844719
253,756,1519533751020717676,404074842326626825
253,756,6234196792723043268,3694708026659629783
253,756,8400524830271275936,6605155011785480957
253,756,-3884563815262711127,1427387374935615210
253,756,1551854622184822729,9122158695834639593
253,756,3213298845294707538,8136679208649028824
253,756,4942565622780860841,-8395945130815168210
253,756,-2187326039860313190,-2303903039964287367
253,756,-3245653916746763441,3148097381390232690
253,756,5089654475072024123,2816876441385197838
253,756,1517602846278082358,6003545339098961384
253,756,8983027226274106986,-1899887437194679861
253,756,-1006685733041149529,-3031754407943629152
253,756,5585636068191558318,5474370152058056183
253,756,3845932132872915585,1863543542308873630
253,756,-7459762535975951176,-6215864345936683019
253,756,-4721272498176143382,-7134606215912403310
253,756,-1842125237949673488,745007237377661969
253,756,-20372674542753399,-1731428295236166027
253,756,-5600337262635244988,-4646227472353356283
253,756,-1729899415490564145,-8849300090212673913
253,756,5095583916289103027,-1523056515485470523
253,756,4434575094081353890,-7921759205717634112
253,756,8361694703971934846,4379014383977651764
253,756,-6527155809217779812,5743282636436434767
253,756,-3824138830876961658,-6739831780896532657
253,756,8064465860765969321,7975003303877599422
253,756,-128149537799481781,1885803890472871146
253,756,-1476358002465290972,-6177210124050492137
253,756,-2821949751286300999,-8746233240210194204
253,756,-8472860368398234744,-7827414188845804683
253,756,811703732858327156,8678865666523365307
253,756,-7294425232994489970,6492851449182611883
253,756,-2107458372946429758,-734671629915217005
253,756,-3389301011471586097,8412607030717261087
253,756,-507214869979833862,3491467577215539928
253,756,-3220632313354472265,-4522536635200501865
253,756,-686144059201653814,-8096918858546491389
253,756,-4638843592201150432,-5074128878835768111
253,756,4546919032033654138,521969596474853251
253,756,6934448448636643625,4080580512736101441
253,756,6947538482788901325,-3951345843793276633
253,756,3705098458862666787,6366889952936734068
253,756,3440129104520445748,-2160719086835157069
253,756,-8992821102166890782,3348070422615765784
253,756,-5920485945464477872,5666400133251164268
253,756,-5229034678531617470,2218640711058287821
253,756,-5823652524085493103,-6405563069585562531
253,756,7666605471267495868,-3410440524577920980
253,756,9086660488282460801,-5244603948387983818
253,756,-6761363309599258775,-7933203361146894558
253,756,8057146435709022098,-3860200187512646945
253,756,-5858616075754085407,4533249694499797688
253,756,-5207706830893145704,5871668564455414954
253,756,2108199236529108200,-2539938885055157732
253,756,-2964770624574775953,-5825998159243298697
253,756,-8020964502824718767,2515612964527101306
253,756,7715129962921237528,-5882003244293495369
253,756,245722172451134043,-5189378381972483493
253,756,-6008434198983599775,-9053261955084171230
253,756,-4985637697291952847,975286873030097
253,756,716312454409762340,7268300437491582543
253,756,-3141632014067062484,3579714973077670424
253,756,-8694727476516001818,808603136648316853
253,756,-8287737504138542042,8145113169753649903
253,756,7962892940991159143,-9144937370379004921
253,756,2500311179145428830,-8961626573207353437
253,756,-2698064876050586885,-8024135383887334547
253,756,-5697924408199858351,4426490892090462029
253,756,4436945126679875936,-691015989313534852
253,756,8611348505977549108,-979527617452678686
253,756,118874775203522258,8955958392752418703
253,756,5838436041400335157,-8835911331215608788
253,756,-7410488652608459865,-953872724641669763
253,756,7656430354893470036,5057894590509096611
253,756,-7332257563488985670,-2043454112337135891
253,756,1755384418293710710,2810680489199546187
253,756,-8275667261739063113,-8352054791544150048
253,756,-1507440908452520158,8669827564391539557
253,756,-5703650604384778986,4720624009295730006
253,756,7214651917322219052,7110655491907145429
253,756,-2103411087884304655,324011265445778812
253,756,-3374782973604548874,4009708390972707427
253,756,4937630923713515054,5957714600856420758
253,756,-1270602595779351286,4897560538656934547
253,756,9068154760345243977,4828908813177407905
253,756,6501744848109876450,-9078273040981670050
253,756,7872266340063692937,-2266280527077834392
253,756,-2694722631218216237,4026036888656192545
253,756,-1147426010688521880,-509904006092101229
253,756,-3158652576541309306,2830639553531649353
253,756,-8337894402410701504,-9116535313361227935
253,756,-6383622186886705977,3288244940235634549
253,756,6382022053866285591,6678255473515468961
253,756,7220722880898526338,-2895239903312987135
253,756,5914830141078742324,-6943245636240184170
253,756,-5497517228987308855,-4630134038657568143
253,756,1227011844449810587,-5411552156272233297
253,756,1295689821057583832,-2020502424978603515
253,756,8498794111327592952,-7170024280282430826
253,756,-9084262057224267966,750692454880302026
253,756,910018045022894212,1113083597655498197
253,756,4335512180334232924,8452742781530829703
253,756,1339540073958059386,4688398993461525104
253,756,-3872695698418470943,4049090672895931897
253,756,1139427662763764719,-8686143719465983732
253,756,-2139163310414356960,8203157005262772409
253,756,-8341231304711535209,6010504586356865137
253,756,6220738981568654545,8845469385390051417
253,756,-1422339846324501197,6297275529890157337
253,756,4882809217775698785,3933451517037247875
253,756,-6542137464352542213,6204825418320682558
253,756,2437001591655509455,4589883262200147512
253,756,-7156442381442633405,6860616002067901943
253,756,3265867369053799270,7184189193751324504
253,756,-8600646027758733203,7359035444073728515
253,756,6539896426453963146,8716345653337709837
253,756,-4070763923043474795,-6010941221540581044
253,756,4581314979688975336,-6597252403951587459
253,756,-8209941521080705563,-600825803123101743
253,756,-2656202284734670976,551961495315369067
253,756,75107139652721741,3486878243293017456
253,756,-2791261110850865952,-6680897355616874838
253,756,-1692037631250584349,-98298719699150966
253,756,-1606460745528372509,-8973195731653064940
253,756,-2215221980712385104,3569559957136609232
253,756,-4516539690925849486,1095830210139617898
253,756,-8994455748565768339,-2410830731812528457
253,756,7133728764251022455,9183378082861013768
253,756,2184392173780227331,-6944740049550748125
253,756,-9133151186048530505,-6606772671244541124
253,756,8447777894534300699,4272141945903823063
253,756,4827669825036271379,-3099226094534355082
253,756,-5761962329831048664,-5103728202656358642
253,756,-5161279112203764272,7268065504504697387
253,756,7411176506995747270,-1571976389168668350
253,756,-8174406889092618419,3216631869160627170
253,756,744778589430243346,-7909538918761346495
253,756,836894682155095972,4904795465512473290
253,756,9102968336319454577,-7316186154201738019
253,756,2600139887789597317,-2172246892705168448
253,756,-8182130125383265145,-1787875750185836135
253,756,8158152761888853952,-6059176738332556625
253,756,-8527120650833087717,-6776630782178582824
253,756,-7502593662406405718,-5073937062403707931
253,756,8834868452783806358,3726549810712912302
253,756,-1736277635431917069,-3459583536755112530
253,756,-8190893725272173783,5692467267301466374
253,756,3040467824905794242,-2352621806175608024
253,756,3778285718247744728,8886666307652315463
253,756,2708535345897896212,5337026072584403489
253,756,455806878916508418,-5754619069269458804
253,756,-5028935862541202014,-7301349268818642990
253,756,4285018056081135387,3118261077944439294
253,756,7559279113142068370,479472432785060763
253,756,-1691833454433654684,5110882700015585706
253,756,-2728888921300221855,-4273590548850308920
253,756,3164441868514793608,3547272727030175267
253,756,1468275247630850541,-8526544670275705947
253,756,-7873265999414610904,-6933988961677272652
253,756,8001925919889696053,7366700656020199281
253,756,-886817592060915117,-6633211011879418379
253,756,-5313856722269441349,-2310082798339173377
253,756,-8656811355032560372,-6909354974464574708
253,756,-1378326876212792482,9093033867991413705
253,756,5906640358950913717,-6003323967814148141
253,756,4841865133645810651,3729467934767451550
253,756,-2906547001743636446,-8476078506651620808
253,756,5090487218824131286,-2558068101493284110
253,756,-3484914855744957012,3335908219299472885
253,756,614408712513422527,2180987448416128808
253,756,-2913675948251660047,3753980681844298655
253,756,4234224153760258080,5820102326340840512
253,756,-1979767799058989861,1289757898502529925
253,756,-6694611446229195585,6865530845850196801
253,756,1089826619947743160,4450385804000011254
253,756,1675934780822412821,-3293562547849191234
253,756,3614409639329691636,-8259585534989764624
253,756,4851347134339196665,-8668451096148437878
253,756,-7605363716463988342,2801917247645390520
253,756,2766316372833975952,1619438005355746888
253,756,-6728291898857854738,-4654044083155225922
253,756,-1565881299924172940,-7134338452386979259
253,756,8147025166113743406,8465784470393385338
253,756,2369436121973705141,-1463236897991710591
253,756,4612354697521663324,8338410598434335978
253,756,-2437196601282007304,8196904187470095672
253,756,-754485060438067457,87784028789000955
253,756,964115751779689591,2886424150221937485
253,756,-1467550715594758189,-8591297279273019422
253,756,6766963960245451085,2593923457233802232
253,756,539261168814825104,4169315980165705492
253,756,2679987714971952491,5863586736381861128
253,756,-236867398666486707,7073636685435159270
253,756,-7834019425581518532,8066582982220537217
253,756,-4664357481454705894,-9001050692464052748
253,756,-1391611600931107101,6070897803773116951
253,756,5275342426223264525,-3552190931534585840
253,756,3890163181008342921,-8133309995136502499
253,756,1443929220245769085,-7732197920301575827
253,756,-1331847563193261694,1779391414449814456
253,756,8920588553208314148,-6363602810894475797
253,756,1408822671194172653,6114446156466744023
253,756,4515691715088626986,6082297254732345173
253,756,4473140957344804349,-4931233311112407792
253,756,2870432022383695799,-6729516314229781803
253,756,-8451158356768012481,-4574945268005095232
253,756,6676047914435953910,-21170828736248213
253,756,614676232010376500,-536785472421311236
253,756,-7587960456641546991,1812639474959787810
253,756,8858331433330832033,7524937700775787810
253,756,8341142016396427149,5114150619204314860
253,756,-8084536780028412027,871651970386353451
253,756,6089678866986646374,-5802483124337516401
253,756,8045657183412097208,-1159417250389858282
253,756,-8579768972293753425,-4698121340292222769
253,756,-5348498402932914097,8092732354143740402
253,756,4984301509451501586,-6984450999845609142
253,756,-3243608446827819482,-2008143659333624497
253,756,2249702089697666362,2536824136529033291
253,756,-4022254332304921182,7220984351277127791
253,756,-6822479008472974547,-5331852206718566271
253,756,-2370659781186091877,3734977361856425416
253,756,-8887043919306467900,3629218190283769949
253,756,-2410703019913859940,-4489257438475657017
253,756,-913090904828393617,-9131423924943294376
253,756,-3721644786497162171,-8360688300929163672
253,756,4929778591623351037,4905166255494709024
253,756,-5561090953716034633,-8403807721024320018
253,756,2972379850903764399,-2249525878515366832
253,756,781755206989511928,-8656093784549532474
253,756,-2602262256269903665,1831896389555661916
253,756,3763018666244240406,-4793586480715703078
253,756,2708132268464554953,-5236024139638951793
253,756,-1033011882463127747,6648023361326323919
253,756,-3617308050614187503,-908368079869185689
253,756,4235268582525834214,6314558697629049005
253,756,6023053825730886776,841782467166487375
253,756,4097006743801731278,-1782776522367254904
253,756,4961749361565030778,2743876959877692028
253,756,2652361843695010927,-9160466118998599696
253,756,-1913810419926800594,907278305184922468
253,756,-4602468209058119177,460659695013906205
253,756,-2316722390148020546,5158064256474183112
253,756,-296811605455848023,1522165907598108615
253,756,-6987589603288946495,-7822876565369405693
253,756,-5151512341824211442,7110512586600001694
253,756,-928275550422231135,7366353267878744516
253,756,-7157156271387680116,-6152025451590591572
253,756,-2146187313573410995,4177522361124647076
253,756,-140437717172615038,8925147744540895682
253,756,-8673659564040260639,6389157604411367675
253,756,1810523730432629159,1015174794872006957
253,756,-5991952985982537697,-6552629975905890418
253,756,7589060863666119762,5389540958751083529
253,756,-3354441714871641535,4563651640867877155
253,756,-4525160865986654966,464012330058946361
253,756,4481946234044693568,8506434577609833961
253,756,851261971149015574,-3232640657959138356
253,756,-2733332016616655226,-1177128375841985690
253,756,1914153365358768047,-338354240575196317
253,756,-6989976032395699639,-5671324374569370615
253,756,4777265707396372688,4365522584378116273
253,756,4921201804103660498,8919180377157574856
253,756,-6499178145464708238,6655046290800235724
253,756,-6339998718288260949,7257970438301175136
253,756,1207714803212072889,4525740851755300114
253,756,-6663805868490961817,155887330337948507
253,756,9186236379622876781,9041433425393489763
253,756,-2191118476774961396,-2648908414911609538
253,756,6308457757401689080,8116460056263500939
253,756,6511736907067578815,7875938813833818926
253,756,-5591840887538824837,-2895950408670922561
253,756,9101430062090366764,7007687548823076373
253,756,-4256922721516981883,-7403801072544777757
253,756,8775630517100078133,7844194443885405571
253,756,-5594623648229199941,-972874042878345339
253,756,-2261950811126438248,1217421261835920307
253,756,3809559312146570831,-4922570848852475404
253,756,-756241878131433100,-7554212747416174784
253,756,-7634788709910370429,6009204241353348664
253,756,4207093204557758783,-1747423542568865682
253,756,8625075882067116155,4987898436579042946
253,756,2069819137303797873,-6429908482140519100
253,756,-5193272998595167613,1710781171939673663
253,756,-4994732037614650104,-1387270640757559612
253,756,-7199243566110074642,9166232135730062580
253,756,8738126365278240197,-987565919337741331
253,756,-626545813515657093,-3061613866414758310
253,756,-344958034055542374,-1011708877642478825
253,756,-4945759662328859989,-4328643422567691196
253,756,767786453524120433,3379881536375939165
253,756,1811653620611668176,8848565514149625400
253,756,4688242062015840970,-8781788223568333614
253,756,3659141909357845129,-8907130866504609553
253,756,-3708153317481255284,900055398388323966
253,756,221212847309627949,7145407884695418786
253,756,1048822697820437944,6435782601572290668
253,756,-2728920644532524430,-5519196011855287978
253,756,3649429073300015063,-1497918551373727447
253,756,-5420066559711290401,6082291765892077940
253,756,491351018785161500,-765703940525718360
253,756,-5910346017304996721,6273328085302986682
253,756,-664535247980348501,-2775368987428338310
253,756,1370246767009411449,-6644380769780851937
253,756,-7168523349368415183,1844225455758540971
253,756,5926964937364240484,4968920365573139513
253,756,6753649079526820723,6596674381534133372
253,756,8529739839336539678,-4524576553698864914
253,756,3538777098015345594,-628449876522422620
253,756,-7444786201306252564,7191889432151616621
253,756,-8194071538790765412,8567562512069953192
253,756,3972367227636545483,-5554975974934456491
253,756,-221354716842364769,7770519879805756937
253,756,-5358418337058846855,6225328549820468128
253,756,7832231606042630858,8078098422515172516
253,756,-8829681023882784703,6673104230654359646
253,756,-7868651375434644778,-4536671639919557039
253,756,-1537966293444504129,-8570308214321546994
253,756,-2036650632930804327,975709798905303275
253,756,-1100590818587875561,512173549545506562
253,756,-6420170193612212223,1292221563717707776
253,756,2385416827799936161,-671002094023098402
253,756,4022816249203326755,1004734330834963128
253,756,-3508934939797035406,-8021815055140889259
253,756,-2267085927655592375,7647421087966300923
253,756,-5673474009026752990,6463820397245706593
253,756,-4125163399960577970,-3883833539172296546
253,756,-1997002018267402591,-966007352796306610
253,756,4959431277848384286,-6150998167207646408
253,756,-1202074465403014581,-987390769137797031
253,756,4756032964518791442,-3299330497297976969
253,756,-2616546454142798310,-3951289612274219805
253,756,-1419548353426574377,-8260289560437580588
253,756,6933952050398709450,2066905653705182161
253,756,5893598147702102692,3863606461690396672
253,756,3724457163715824570,1201302540469443262
253,756,2327573851412852417,-439645576988450994
253,756,739491494684678007,9095353755668099234
253,756,-1319064596325979719,2538707596242162399
253,756,-1472572309687411368,-8492036127153118660
253,756,1585682106895340714,4909096086093771844
253,756,8329732707067081565,4363840649764726446
253,756,8949489505291274557,2933539562493488178
253,756,-3132305254206102068,-7072431047884593490
253,756,4643545352699367025,-7673395261064382943
253,756,-1736572237755466843,-3827388656080274036
253,756,-8184643505084402037,-7144040638855464021
253,756,-8253019968686064796,-1425412150280092543
253,756,-3834757131249779275,4585006030259436837
253,756,-541319406513904525,-7230749908471549584
253,756,1555411809003952818,8212309185075554947
253,756,8755738955205225680,2802404326116939565
253,756,4877720877720816017,-8747044171427772964
253,756,3737820507240272677,2920405242570435894
253,756,7402035570073553128,-4798125544174202554
253,756,3814171632427708762,7098433634271650658
253,756,3232936125534031181,4324137502925605909
253,756,-7063383092573722329,4043918557785576497
253,756,-8552848343594520064,-6382336529439740261
253,756,-8294821739070400539,-6765642386546690973
253,756,7577275866999853080,-2022802381038912488
253,756,-3260875073602910739,-8228959966271780565
253,756,6366764928146230523,-660842776681154566
253,756,2687147982650950858,2262301910014197287
253,756,-1909255691435043268,7620574970451729395
253,756,7135103744508526031,2161656379338471321
253,756,2726756203758677666,-450726405003562827
253,756,7683391605951005436,-8654124649501766374
253,756,8178124264594557990,-7321536305996786614
253,756,-777752517176555152,-3336921082231659643
253,756,3723158786122011784,2861657826432347792
253,756,-3874735174275392249,1232481913505325494
253,756,-1380467145533068390,2799569941763519778
253,756,2994347711258548434,5416449187393210248
253,756,-5262013670951070642,-3898473181724646815
253,756,3600479668054165654,-7697346810137747454
253,756,7186863668760660703,-7592313103595558383
253,756,-7841462816579476643,57118723469476191
253,756,-2749765984307437514,6511486557929449483
253,756,-7570341033860904525,7053256688564897417
253,756,-8331909742326345192,-5281548768481435156
253,756,197687256299171369,-1469313615398412676
253,756,-6858590206846699817,-6431851788004678520
253,756,6951424361168799171,-3796696958996486227
253,756,1187701534170459614,-3727743541349128358
253,756,-4481651580772213844,-1475663173092540463
253,756,-9127049174722738385,-7722134903326766730
253,756,-8869542852153708127,-7267990603149499649
253,756,7851696842835718109,3139564614168761302
253,756,-2134196301446139243,3875701370126347252
253,756,-14646718677337491,-416346148236298633
253,756,4271950854451403119,-7197273972056357962
253,756,-2558961968511228099,-7379674137242128087
253,756,-4913959989298253161,2731405174673701901
253,756,-7760553768470289975,-7161044645683951550
253,756,-3293292858398854300,2487364469169583645
253,756,-7839027262110685537,-7092287973310786024
253,756,-7666445820866604010,9051017123968075862
253,756,5251917411365426329,4066859700666294103
253,756,7320053460199969740,4437267651542431660
253,756,7475123458362029411,-1752744026380907939
253,756,6223310210953539666,-924821866729717981
253,756,-887272002914229494,7845393028126060118
253,756,-7379265425033903109,-1696619426819972936
253,756,7103055078203993246,-2051331067966253126
253,756,-1914186082444768152,74062562108689896
253,756,2646187037655747441,-6289462124131262592
253,756,5497994107364452180,6479109944670598273
253,756,-5404348926955819370,-1660082728137962383
253,756,5171390138659348843,-8838614485358073502
253,756,423394886577937904,-7366135394581845523
253,756,-2644105959521974159,4555680170068550090
253,756,2604917749269363141,9165849332005179274
253,756,-3159253484476385306,5084048150448712808
253,756,794725956181198204,8958938057458531169
253,756,6123937207471779907,-8311023890029278794
253,756,6476889947565539211,-3480193721763294391
253,756,77109298650457260,5408504467352320091
253,756,-1856062070156693335,-4687063000694345188
253,756,-240157497609440749,3031173904695313758
253,756,-6463791787021981806,-6758680236602274618
253,756,2877555761348521528,312618030213820385
253,756,8302546314643324644,4119571231662568677
253,756,5059685207147542238,4519779014527520521
253,756,363996200383393055,8234978810340729267
253,756,-7177941322608474724,-2826596753943450249
253,756,-3085975319372093995,8144973230631398341
253,756,1491590466532440502,-4284158781638036400
253,756,-4057597227962991162,4943925671880576629
253,756,-5523458766224369283,4477869677454856345
253,756,-2431857981341660779,7010868785588349663
253,756,7084972348496836666,-5784197188005263
253,756,-6864934740527552690,-4505937543271194373
253,756,-5513922879640422128,1886256457253792030
253,756,118051688249299300,-7290290125018143810
253,756,4751920537687639635,3321262539489754400
253,756,-2957446666230580038,8821587741849242690
253,756,-5742032217271734897,-7789708916432571391
253,756,5744270361484645251,2763305859932895758
253,756,-8828181355616902687,4024828157271752619
253,756,1784882264963125728,6117525102739114701
253,756,7673170071956651301,7098327407843534860
253,756,-5736661444023471871,-2459055016879219110
253,756,-5231459268924044537,-6862790854618163781
253,756,7564691706426999776,-3756022173933194842
253,756,1611747781420888965,727515871030255981
253,756,-1541019751121081566,4985069377895173478
253,756,-1246312846658396920,-6249014078100689938
253,756,9169972827764940286,-7266983977659944704
253,756,7545646149200883750,1153132611405696309
253,756,1408546268533209669,7365350490167334482
253,756,4829392042733876504,-3645771903393000783
253,756,1807978057648828118,-7142109499727944417
253,756,-1654151092383813644,7670196361113053246
253,756,5892842612054974427,-2574475925482282035
253,756,168540693601772294,6458144598360131511
253,756,2825391209568026207,-7785705240988751002
253,756,5277016234664955735,8497165842879377370
253,756,-114562550617678257,8928291707951829802
253,756,-4051352754985906034,-1421561084780358277
253,756,-8855478922252636533,-695250123119536293
253,756,-4657081310518434857,6875108650745190772
253,756,3960754541149508887,1177683267016819770
253,756,-2537458185692850175,-6205336651636008288
253,756,4745099843172825933,-6545063414665258159
253,756,553902738901964499,5439886532755729664
253,756,-4474948164845842579,7195289708324112743
253,756,-8997154588875032644,2048627441085605841
253,756,-8491011373491601690,5202711133312242753
253,756,740433954501915953,-6338295379716697062
253,756,9052357324705825430,-1444945786701362975
253,756,4039180446886717503,-1405478957326845786
253,756,9013610834458311808,-6041089124949752099
253,756,-5688309692174893381,-6150290698063758181
253,756,-3308574399423699420,8461615199731274554
253,756,4515971865418492607,3101865575778090848
253,756,5976911687333413706,-7853910867379756379
253,756,-1405794374506765534,1161153099906389771
253,756,4805643660240729308,1556345714641371794
253,756,2977599808355067910,-8942712245954924796
253,756,-289219145629535020,5713447237989322727
253,756,-6916498714393881904,5191568263446445354
253,756,-347506856029405631,-2957058510072451310
253,756,4760770469816191367,423956013808601115
253,756,4580455740413459032,2076554460536025359
253,756,1350889344014212735,917217418608805016
253,756,-5689918412231554699,702350871907654121
253,756,6751906909443143933,-8976792445723401760
253,756,4092982504534167916,-983485308432667165
253,756,-7397783568492070282,7483060224496455856
253,756,4588907208346537771,7780119160959007514
253,756,2578939008936512617,-1966733066984142735
253,756,-1298505477834480384,7400370166048130753
253,756,-8275273255809170590,3226460681774717064
253,756,1449672227846914547,8598979792469661178
253,756,3462098831296589236,-1598978768153056091
253,756,-3196364995450388785,4669080453024010529
253,756,-8248202331619951775,-354465638828196451
253,756,-2983319921330339242,2247353472567098364
253,756,-2267102137046261002,6934695096049110716
253,756,-2462884314287108682,1922780173314155112
253,756,3686741647437984563,5933310898740831969
253,756,-1833335463979469328,3819708594293092203
253,756,4394565436955966320,-4128486299710877906
253,756,-5291618470372097335,5041376210003083808
253,756,-8010419327516869610,-6749162644654715988
253,756,4710070845622842871,-2837673403651177366
253,756,-878067507612731256,5053307515149133758
253,756,-2460092030266546442,8149544255329111782
253,756,912284638271674135,-264268010985252716
253,756,8657884854847647048,-7520784526283514891
253,756,1314858399543668182,8197706004794973508
253,756,-6211944396931656419,7733299092558841847
253,756,8510870762276405034,-5292818580314012009
253,756,6003016857954340216,-8898240837672615568
253,756,7818117201366536005,-194878302951443831
253,756,6731281567201733298,7519394049812133560
253,756,6683393579695490504,-1958343242048151725
253,756,-6637279342533958728,-3260922440805385405
253,756,-3688783668999594923,683400866119137543
253,756,-8638747679331431223,-2900759789311041484
253,756,-3024495688814211749,-4123470481011505700
253,756,5219699801443054432,-2609207071477351110
253,756,3072554164251118208,-3395945229369458311
253,756,-7411697867233284322,6781202472592218944
253,756,280973521749629799,-8533372836082401370
253,756,8570401406263123977,369892831779592667
253,756,4787568636442507859,2196399269628991187
253,756,-1970062306371636742,-2478094821677766977
253,756,-150470061765380548,-6241553316371794677
253,756,9040024608976131670,6079229087232914587
253,756,-2410657064854343055,5944875198813619573
253,756,-1148798725757496794,-6387964012835975457
253,756,3782380101899087038,8735297692927507896
253,756,-346548281003163845,-8450887784989775704
253,756,-1851271937603823101,3467578126625217763
253,756,471729062142643918,-2703069061117088482
253,756,7661977855254689672,-2048396344860342765
253,756,2313213375019076320,-392338656545543363
253,756,4165241783088865883,-4938382400852614274
253,756,-3350331718089051129,-1666098370404056981
253,756,2657162819125323714,4295141422405678991
253,756,-1422528143196721406,3364381969993503474
253,756,-5316076430440308141,-7748266212542981647
253,756,3015758947188179761,-6418659305607501519
253,756,-7300789561994647052,3296657101622982287
253,756,-5727410159410476601,5339237116830002122
253,756,8573579033145992360,-8445449907803406355
253,756,-1934202811851929551,5891459871007224289
253,756,-3749300815469133255,-9002587349418021561
253,756,3199759951970315104,1884495663903937843
253,756,5055419504521105691,-4508403802061038855
253,756,8110158629217868822,6939116043716403262
253,756,1248317214064846338,-3907925374667578445
253,756,5771850875944586610,7491151925887629828
253,756,6627085734938958504,563463778085287582
253,756,8875788902091284812,5999336513156977301
253,756,-858102475708932127,-4452941989788030072
253,756,-3181508735597814492,6353664526295922429
253,756,-8328750490415397884,-3002489714751551249
253,756,-6410970518191982755,1401052113103511316
253,756,6476770555829754131,-1791611276655232501
253,756,-3427185348399547207,-815889569304147345
253,756,-4237602885296515381,5026608675769482986
253,756,-7686790884461492637,-7630714016135136973
253,756,-2708574625581791335,7389038534293229993
253,756,-6232994289178916021,3179358665870709250
253,756,-3877940366657274244,4699275947164320153
253,756,5067978878115019563,-5025056805919202826
253,756,-3699072365557827464,-2423050349513571390
253,756,-2073750022970351314,-4665321572614489284
253,756,3705842971837899336,4148133199638901638
253,756,-3743901549104132064,8255000455016601205
253,756,-4103301435107362909,-8626891808810242818
253,756,1197190121630490995,7137142159077517180
253,756,4229627512103261360,257294555654311668
253,756,-850019258855476700,-5117136668189545576
253,756,-2190349810431783354,-2374314620727803529
253,756,-1040468727311458643,7108712092497183035
253,756,4732181179957693024,-4406999394891660448
253,756,-8634474701832774533,-5678742081035135551
253,756,2812799250175786668,-8760304832829774788
253,756,-5314903483111572189,8531214238262472367
253,756,-6765146203093536787,-6704882424297345191
253,756,1045641593321752070,-3299858193105369978
253,756,5506219394070543501,-4739899868516973931
253,756,-806996597522242170,2954081301380640723
253,756,2340287068390384145,-8542285876416965348
253,756,903978008459323629,6897104910154834716
253,756,-6817223744446865983,4707567413674900912
253,756,-2778671221469200658,-3326170231274373932
253,756,8386099717885179481,4385491606550911497
253,756,4389173368631031958,6125948770919682561
253,756,-6726048819784160989,2533637994427202083
253,756,7184469068771266015,572356322653602676
253,756,8720326334557865710,3929550508116086636
253,756,-2447916186853870860,-5567376864667608316
253,756,1715835413849638189,-850051515832544357
253,756,5336480626122534746,5454747601212585688
253,756,-1124205518105128363,-2890210569479672132
253,756,3818570974190422043,7737429955585917914
253,756,5799919254649839591,335319597062030263
253,756,1499908623189269391,-5246404294449872009
253,756,221783105128242628,8324938736864206246
253,756,-371124764367064148,-6034004627909216561
253,756,3759652858088819845,-4116039045196951492
253,756,-3448615791415616289,-5700515376425643699
253,756,1242808175953507571,-3585425063124898888
253,756,5955318801890493367,-2787286586551214487
253,756,-5634630385727820248,7744679396788772949
253,756,4582490093749198864,-5685044349692736128
253,756,2757728703895233877,8827233448471760698
253,756,-2018267233465820593,-9188608248799281431
253,756,-6379801688030997525,-5964238230907128917
253,756,3161476076580969072,-7732759323223252536
253,756,-6459312419320737839,-5653709846183175220
253,756,7132266894507892581,-6640482425615850319
253,756,1553937670603991375,-728267506400909145
253,756,-4968348690663431435,1863637239602203139
253,756,-2049852375195547260,3005883325330823782
253,756,-3540488763575060478,-7837806610203903456
253,756,-4443925281022666573,-8419331079411015704
253,756,-1551300164425754026,-2881471421496020523
253,756,-7200613204385333384,-5663041521763741129
253,756,-1315975538765523431,5104096635842005290
253,756,-9059315470461449655,-1959649218160433476
253,756,7829838497685193695,-3005881073743464404
253,756,-3544818951127459413,-6830330183104615531
253,756,-1781178170694266986,4552180705372843841
253,756,6729373315478331079,-6796060228334754043
253,756,-3685170458622481537,-6634481750397174546
253,756,-6167651846050812636,31180257717258249
253,756,-5186902209242935771,6678909112832826937
253,756,-407050805045307651,-1324133800691929032
253,756,4312143287550977714,-6328672764473209231
253,756,3560639624504561431,8541059199235541786
253,756,-6013165605344390057,-8981126841139107784
253,756,-669205695316828079,9070022005520691199
253,756,-1122759798819379139,5572983186151241843
253,756,1950231972451731050,-4865394822775042164
253,756,-1076430195663830668,-8048208791738142498
253,756,2754969203290764000,-7761342361545401337
253,756,-2946734050166374718,-719070263306871325
253,756,1574450909119677747,7658712024342163937
253,756,3250696004009321116,-8071834235205580107
253,756,-8319267750620864059,-1084789957025815114
253,756,2160369917150830250,-7237288002558639210
253,756,8445828593766778463,2253834505748288057
253,756,-5380299052720433712,4476853252775205459
253,756,-4196131250410980509,3912847363246580170
253,756,3150314954769902101,373603838304027204
253,756,8648176787749119187,-8885200155804053617
253,756,5662982597282589451,-6271333690529060451
253,756,7155068676201525763,-2066112513943409751
253,756,-6733483796962605739,4912236558296843316
253,756,6602713269539704294,-8916501226032570317
253,756,-4613619448245434723,3737618425075684433
253,756,8407349468365459546,6048045889935458388
253,756,357234662313182876,7285273863876941984
253,756,7914550990889452629,2145756941108442974
253,756,-4770270048250450899,4653824313216098789
253,756,-2522356237728793384,8325058386963440867
253,756,-1566274793343519350,5503575773548618068
253,756,1658344710205654161,7619568518259410622
253,756,-9105264692152492459,-5928517049687595445
253,756,-1406605095579165029,-6997280618681957264
253,756,4700042865250460563,5769414926912275196
253,756,6518954227100049649,2226462563879908375
253,756,7931187090535083322,-7282522628133731352
253,756,3994148371771165263,5293736843125730358
253,756,-6585555628188295408,2081163165811649110
253,756,4962637388344643267,651773737108017345
253,756,169586546352591349,3013324299006026577
253,756,5414896046952549220,-2699616836586420479
253,756,2630559625373746891,7321444630435761015
253,756,-8921054659487758660,1249768751319650863
253,756,5440668965660916984,-4956842227579297662
253,756,-2817498284169859440,-7309557352822779938
253,756,-8470834288280096047,2343503829263505968
253,756,683836099457363849,-2381562275095067560
253,756,-241383709165431348,6090185969395669096
253,756,2203723956945230826,-2843222240322124223
253,756,8258108600254270736,3904192408601423750
253,756,8776203317351292258,5439597590093078560
253,756,2942442458093411241,1818686617593967031
253,756,-1932781507428139906,3495296303544094372
253,756,7895378981754824049,3014039353342323992
253,756,-1138201378924807283,-1318755877016626195
253,756,-1436180476372926409,8577586219564159368
253,756,7111111699018002132,-8418981152208701169
253,756,4249311239750083345,1909391218351788755
253,756,-7264784345471649502,7701055344704747606
253,756,4585085814138876238,5221307337159560317
253,756,4227285927078855177,-6394432758849960730
253,756,4877935937355878518,-4702502847743670374
253,756,3748594876766691771,-8739679044613136936
253,756,-9208430746917091698,-8934878622146870107
253,756,7352923780547428725,-8547483093086489690
253,756,-3167044589086399639,7966770199433147261
253,756,-6928572107444809671,1797677291311537898
253,756,1058444656707203173,2382434723555230735
253,756,6774105761012699393,-6858935423508603105
253,756,94713827461520131,-7299307131935722576
253,756,-8517186067122951923,-6494734170935806809
253,756,-3594594920162477966,8173078689127246421
253,756,6372327633295471213,4446064067791745972
253,756,2610328222432334460,-2745681157205250799
253,756,-2238077460670814876,1958037670143687887
253,756,-6312822807744974516,-2270519154082052095
253,756,-8842460126305258934,6530181308120202832
253,756,-1848623948667523463,-8897656893866336746
253,756,-1145054673973008782,4859299995213871982
253,756,-1520954121948493078,-4059395582867559385
253,756,6122488191289831047,-8479900639233924759
253,756,4233952930759511322,-3490201695285434827
253,756,-3064517607347398134,3912110056945553268
253,756,4006168444513765525,-7821334827029272394
253,756,-3795710909798559788,6882612336360728460
253,756,-5782381828536346362,6597998163088358055
253,756,1152074034116005842,8569124101919833620
253,756,1186135200375819689,5256312639914619754
253,756,5321881981342012938,-5785451184164034015
253,756,-7613181392294433091,-8045410334748330475
253,756,1165512054593197450,-9012613999432736403
253,756,1735305798076199980,1900643429940304611
253,756,1333845042485298675,4969911686339694846
253,756,-3768532380935417438,-5154158738815123979
253,756,-7198648803534231856,-5625090368705557668
253,756,-2774719878102504843,-1321314337490948039
253,756,-6218948644903181985,7178836424764875832
253,756,-6199578707691443807,6812041514805907897
253,756,1537839544701622854,-7235288905360900319
253,756,4656635106693252899,-9221901588682524220
253,756,5507253121694001488,-9153531717638397297
253,756,6616337912205570881,-2894787882449973416
253,756,-1956813441718591356,1968783649564698834
253,756,-3701745208611057128,8522598596616594407
253,756,8564879440098487715,4736811484735735817
253,756,7270093675963770734,5921271515071074644
253,756,234683013130929720,-722885411976803493
253,756,-3715866219714444914,8225124665314742915
253,756,2150936583490178694,7531534453876029390
253,756,1164896676039759174,6137767280326603501
253,756,2705052689070318714,6886014039856905136
253,756,3503035068391782437,3895304278601249293
253,756,-7511448271239189393,1797816194488180962
253,756,-806271742359413099,-9059950148748997501
253,756,-1396831923489217236,-1587180579575110812
253,756,6935948561295229515,-1431570635434954560
253,756,-5921307606059553668,1719538200959065074
253,756,-6246135784984911647,-4455828278711794821
253,756,-5360906088907880938,-2697314543412809272
253,756,4043084440255805699,-399682205008299214
253,756,-2333037007013515276,2271835030024035641
253,756,-3344070117092593676,3552819991511505291
253,756,579630974061841603,1438257411043399438
253,756,-6853279977017362133,8680936120951216796
253,756,7794414943170850288,4513247439929727855
253,756,2619165571543133910,1156313771849632117
253,756,-2319243235426236746,2210152075228587127
253,756,-4689983025470784566,-4442926815345420355
253,756,577464748007575264,-9214096100485612399
253,756,-5666848208109652515,-8976067689399895421
253,756,-6280011472298480922,-3977910734216172973
253,756,-6767377447911063818,6399737746333556140
253,756,-5689714672874673230,-3640683969711388820
253,756,-3891328347935474286,-4753448858199651408
253,756,8316696580307837013,632349443619610387
253,756,-4292491745581432816,6894362005302229020
253,756,7471567798778195724,-5106425706457172490
253,756,8993867675814855924,-4520889294438566938
253,756,4770013830968989195,2421079992601169217
253,756,-820996947018160427,-8678339456382978670
253,756,5223816821997143214,1359053270176984587
253,756,2145531454270337687,-3404316424196191039
253,756,656738767961073306,3841634974469954295
253,756,-7982440788337619495,2880936176255881203
253,756,-5534426655105916994,1639196898761615948
253,756,6628044941579133705,-9069322566699733680
253,756,-31489801894362421,6795750245109244814
253,756,-3236500245105271822,-6263909989438454418
253,756,5022691224252896184,6683433378395218232
253,756,-1400698899379476965,4659622197237817569
253,756,6116318548927826827,3764966671986842316
253,756,-9044620849287672428,-8496357638017115930
253,756,8308953223351339790,7054712202294086297
253,756,-6538246585532908268,-8682802025902094001
253,756,147043906451358481,2855656119663294691
253,756,4128990596356064570,-5495748357171200370
253,756,-4822502457524029947,-1071885814190340136
253,756,-5399420738779619154,3304745719845827058
253,756,-7385344989641021748,-1790720610881110832
253,756,5102869139700987789,-1932145531011646283
253,756,6842379791802862625,-4441702512843351764
253,756,2810580096563882127,-4936469758906958207
253,756,7468132973487587275,1609449053620280461
253,756,4011339666209342484,-4235065529259744177
253,756,-7469017362512702045,-735833316088228145
253,756,-5859909959783099457,4255107550888810715
253,756,-195883237688298815,6566367675899353596
253,756,-2281421911663308043,-9006751990527623224
253,756,4992582433763478569,-6056535182300537252
253,756,7478735576516454841,7507310535122419999
253,756,-3609725976634453008,-1874405769356107914
253,756,2999528777500261046,-3167487718545530952
253,756,6493506515985100211,5994939855218780699
253,756,-2776588626437204305,5628468188852570689
253,756,-5048015458509503982,2468684239258318845
253,756,7734972882343087265,5656101723641531363
253,756,6429557055924694742,6043667503584580755
253,756,-7392431825046591205,-5968654579612736858
253,756,-4016376258467464311,1996796911700381397
253,756,-8447795080656910582,3971433485970456639
253,756,1986204824779506409,7722292516846145539
253,756,-2788712834212036862,-5585361962546288502
253,756,5545196961054455678,2307348229366053316
253,756,-8285631318501152129,851588848756794181
253,756,-5379937776093893140,1524757619205733389
253,756,-4743312546876691936,-3486353271671990308
253,756,-7479401584403342668,3796292177208453004
253,756,5726198336606677098,-5372388336109810165
253,756,3465937321166094322,4056418147201422039
253,756,6910389045618019883,1081902937000060728
253,756,-3596689095044243052,3741666744348388836
253,756,-8182042310336064289,2833082622873496138
253,756,5296689640284622439,338894510908149633
253,756,-1774837169854292827,-3427300167430465704
253,756,-293980399747410835,-2501670150089279284
253,756,5719943778522821937,-958434027648056661
253,756,1292848913211597203,-507997313280231496
253,756,-5337045504723906247,6489299107237886262
253,756,618090366099438153,-6155020069808429942
253,756,-5425739038303189903,233816739885643094
253,756,5317038579524313727,-4209219978223035612
253,756,-117011393018784815,3466890216034334297
253,756,1709323336528814902,-5237024779547890180
253,756,-7517942095673337077,7298651581423478524
253,756,-1260775901598026109,-7700379609645189066
253,756,-3449323755553759790,-5896619197036377494
253,756,-7163739664984939475,-2414138046038864513
253,756,-7763868810394124876,4214384076946003521
253,756,6210452224457627386,8333160791097648963
253,756,-3869587667338011842,4716484958837821603
253,756,-7675356670811046828,-6021044845552509158
253,756,8386737323325498955,3623003215829833317
253,756,-2836950561943177372,-1418171034103196067
253,756,-3966668369472128873,5464251635972245939
253,756,-30072896772866950,5158276978259732224
253,756,3318944586883111926,-8895898708880435594
253,756,2675626577789045964,6880794699325988487
253,756,8178654590075435581,-1818519989389003818
253,756,-1571102300998137141,4774897222908605565
253,756,-8984831216560119434,-750163632778248793
253,756,4236199499370232146,-1886535523731592942
253,756,7012096395507975437,7024807383159827679
253,756,-3004289980420872953,7644722585852183818
253,756,4467168473233496383,-4322256857743437130
253,756,94103105789264043,637589584492106551
253,756,-3685401761588939409,7664521762573324897
253,756,8293139270988154909,-1407672379382694482
253,756,1264269877827104005,6258311077588890641
253,756,-1288466915383111438,-1277297274324493901
253,756,6558510703950482703,1390786644460268766
253,756,-5695759342483193859,6852752248865118383
253,756,4885315639133130028,5920519886049593551
253,756,-6939640665592863938,-2799377534345979923
253,756,7768351376079722064,2258771478424146024
253,756,-1968810730205972868,5124853822719971493
253,756,571013421388482586,-2677941862874018002
253,756,-4915171611618546582,5219668040886822968
253,756,-7743255495945052660,-2382047201440937081
253,756,-4348064353836592939,-4305129944392122915
253,756,6451802854400669120,-4121585211468060243
253,756,-2441793075756730702,3531695154017300386
253,756,-7023554143515760780,-6893607493683058928
253,756,-868171814601665275,1972720575087055761
253,756,-4455759867400183079,1087318762309260707
253,756,2104791282260590123,6475833297021364548
253,756,-769334957608681867,-4554299560706418027
253,756,4265053441073088649,-395819393432194083
253,756,8347776691650000741,-5910329152568315905
253,756,1601958609413455272,6053600811361618114
253,756,6238289571389814576,-2526661274081667458
253,756,-1725894175981131386,-578829063040064004
253,756,3087789761014091078,-3422398493005455458
253,756,7808762161583380110,5062847519278902227
253,756,-2580616759761733733,8879468392418531066
253,756,-5259498533976821445,-8306010803611128427
253,756,3613128870541887215,1022589281600360396
253,756,-1284803420492031763,4420710286409357999
253,756,-3379781136128110535,6333620672457346269
253,756,-8297314830401670789,9183746408039073693
253,756,-3030115857345961633,5053998117059644370
253,756,3069814353549668346,4091260491616264766
253,756,-8323025116548102097,-1492781047966521009
253,756,1146182875268034130,-6230839541571112467
253,756,-8402993795599398589,6893854679207001865
253,756,-1221972679295015819,3457888727076592712
253,756,-9196819353299009213,3790569516840472717
253,756,-6629206126342341032,-1294244916381684006
253,756,-7030471047941912652,-2613429990420314384
253,756,4782723470136933598,6797132395470574452
253,756,2301301017805232137,-8802603536080998103
253,756,6194452404471963274,-8935228306123473341
253,756,-6137338985575674746,5637755851540419634
253,756,-6904552094488713288,-4976783942711264631
253,756,-6080898320017641841,3696055224730417818
253,756,4662337804865040002,925250496854305562
253,756,-550260828051420243,-7001309555693443359
253,756,-5563246454706981713,-768219129915846735
253,756,2349330104789465898,2009197481431210644
253,756,-3701045661398611556,-4139467777347220261
253,756,8525460610718920615,-6309334995246614144
253,756,-377857667704662657,4173376201326496434
253,756,-4382870020976154795,-6138004863040708497
253,756,-7648243600738474438,-7272764322461319785
253,756,7330068564778030542,-3482285879003496695
253,756,-8332452588101905967,6045343264050264831
253,756,6274664804489234979,-5065620927464268087
253,756,-5228062049316956676,-7692879389115157759
253,756,106029803268630659,4392205034059392944
253,756,2836828006422474128,-4338110465388500518
253,756,-222926660566544878,2675475511253790729
253,756,-5850341748776308279,5594710898795965914
253,756,6616860468591704144,1568544363171810680
253,756,-73799581893888358,3939800415213293806
253,756,-5025121424864437824,1203504901219628642
253,756,6797762542424108285,-2444887093736668345
253,756,-6241729991593015907,7662347093407255937
253,756,6233359117082682968,-6649198074357720499
253,756,-1387976573618120813,-7428580566238690326
253,756,3126868126218004079,-2865892552215507613
253,756,2628936187144807055,-4623355310647800583
253,756,-6141233483966831836,42987716309035298
253,756,-926839254725611320,5206630215515551820
253,756,4961974245944876970,-3935613885490925339
253,756,-2301368157720134150,3395669058880120588
253,756,-3687781909698927314,-4546763210204710091
253,756,-645991416287679659,4364265043559168903
253,756,1046499712036891447,1282273216640605537
253,756,-8383408381385726776,-5799756313377328506
253,756,-524475633514169256,-8548783550939517357
253,756,-3965364125516180285,3581300193740193931
253,756,4659518390267962341,-9165901781118317591
253,756,7632870143661075915,6109474001143495937
253,756,-1180624927760298080,-1598423549715000841
253,756,-8761604288600293469,5229103351272775875
253,756,-7312243455877452529,4420306780683244850
253,756,-7650103863251117291,7358666642244809030
253,756,-4399020802820233565,7854313446752901809
253,756,-6233479161995906983,1491490138715189815
253,756,-4896295604490104067,5865874462759318631
253,756,1907636791546804015,4740936962839454278
253,756,-1802376221797364121,6057636380304298903
253,756,2262766568213651775,1677893794941436585
253,756,2990690749210426349,1960813848943131586
253,756,1467114836393639497,4799747497205175342
253,756,-8878335077516792068,-3703665580274023418
253,756,-2023498574932983914,1501118736556375507
253,756,8477569061343613977,1911212953303575148
253,756,3463718517054233794,-1630708805207313576
253,756,-5330702041122905432,-6082743012940613891
253,756,-4453501060508932399,-5340498546599328353
253,756,5591233370273407977,5598411939781211207
253,756,-471341201903330633,8785218044544433138
253,756,2244077891436980476,-8529101972608220297
253,756,2529581948848194599,-1938572220631307152
253,756,2748775050366111129,-6848175987379369185
253,756,1680670638621808137,-7396748966689419022
253,756,6140045674220286209,1822658353835769026
253,756,2642867433391519078,4841799086878687186
253,756,-593308036385799523,-7395699770734301824
253,756,8968195815307694389,-6986707826959940696
253,756,-828589147309688068,-6794027644189225640
253,756,3007244088617107568,-4938934249941981139
253,756,-6364505690139477190,5432867461650809404
253,756,-3821232068602840313,62147887428934548
253,756,4089121451478223044,7601702700456824126
253,756,-3787267965349609575,2705223686147842756
253,756,1379748000234941841,-8515831925877765825
253,756,8085963769632026489,5804111406346489572
253,756,-6381875787241863785,-680669136790155557
253,756,6716355766996467488,-1795191051665849339
253,756,6504579140675771508,7005945817597790386
253,756,-9132808867299504228,-4095959361163510374
253,756,1331717304086534318,1176162342892685298
253,756,-2483391013240087718,-7670771888457853608
253,756,8975872727671843306,8214838780877981577
253,756,-4964194842081537973,8258626196624567223
253,756,-2588681192548779821,-1935847348529992370
253,756,-5015885692550976068,-721362927315639958
253,756,-405743945049267213,-3010129297893399002
253,756,-1496514983017088749,-3480712682584606238
253,756,-6539032317239394534,-5155290583605168790
253,756,-5653265171536147516,-6297283857002866321
253,756,6885284834913883598,-6716485736062149789
253,756,-5628060714465318575,2986239218311772762
253,756,-5083636894119005105,-4037909338556115493
253,756,-1414954087307283412,4346901844115585606
253,756,-5962844948935085961,5144960865242227439
253,756,4366401972435346857,4209133770902039856
253,756,-6120436045032744713,-9154066819722891001
253,756,840799885656097173,1907056404952044662
253,756,-6959046672984400626,6133458962074341731
253,756,8088252935731313484,-4730091884641455915
253,756,921796954235285867,-25270377804757441
253,756,2843408630041230383,-506790705464207136
253,756,181838048919939066,378360371916342602
253,756,-7280403321603416330,482574476087418495
253,756,-2518527450063838118,-3790972585641556315
253,756,4195169572410277780,-7465491371296534870
253,756,6518551595371890115,2820277896809769189
253,756,3695204728361404952,-6819857551463512527
253,756,-593352022198708998,-7637422889165770628
253,756,-6333111239857290185,9175582902794300890
253,756,-3404564209380582392,-2814534395284389475
253,756,9055679479188615934,2030133382534794462
253,756,-5772963207943835570,-5497460768993930837
253,756,7655268894272890145,6120730968636707112
253,756,-8372222103636008106,-5951654654463867967
253,756,2145642712091360830,-3473339047839490269
253,756,6509495211923167846,-5544691236630817346
253,756,-4381062574784087084,4785503913269265209
253,756,8979133933253111000,-4490272566274867034
253,756,-2313660053489739995,-8531962804552619234
253,756,-4982081495343057261,-3827202574571505898
253,756,-3194139179579318044,6439184185982895406
253,756,-7447061197542549779,4235359768518113583
253,756,5383911573348546311,3263151690948686548
253,756,-8432662219472088570,7136349090162955048
253,756,-8227343437989888587,-9141859437330734123
253,756,6082712591040613968,-2094722483322723052
253,756,4499321729754047486,4639419814140159212
253,756,7434114510635650968,-7020302164542052066
253,756,-3954145291474566797,8850529667463773529
253,756,-6398678724209829512,-8181733777790483554
253,756,-9080503170805596640,3076047761999851111
253,756,-6157680659441081273,7695514649460829802
253,756,1097065644408392660,8952274740063405174
253,756,-6474077419003620200,7349075570701095579
253,756,-7390298488104774307,-2479675401105855180
253,756,2411349963454563355,-889568070304221771
253,756,-8058423263854497538,-7273256384915925339
253,756,4327270615994149521,-5643015551049505279
253,756,-5930946048670080729,5679622106693970402
253,756,-6764741024654784694,-8860350300430288156
253,756,8603793750071105977,7931480832574617383
253,756,1151129851095331869,-6601449204856597702
253,756,336791024533571390,-3832357774371390805
253,756,-598963448192508315,-4508496769281388425
253,756,-6784105741419880897,-3914820600234892644
253,756,3560666726154543569,-6267911017847487034
253,756,8008022578804299151,-505674118448533215
253,756,9037238872795985971,7564662141489676501
253,756,-1139715457232658997,6190275643410486669
253,756,8478928204112952798,-4383916764901890683
253,756,-7555827066913781679,4060836411895648083
253,756,2612416943040973892,-1912439563973236232
253,756,6108398206580955325,-524996612293130577
253,756,5560049066951571027,-7548898315842787888
253,756,-3299617106797458081,-1238737173400322766
253,756,7551745539194843281,889449213963068242
253,756,-2144459888361615635,983364917020352623
253,756,-7243654813407890587,4680594760242959487
253,756,1797305429285891958,8762706960972898736
253,756,-1231570110839249140,1284005446307759708
253,756,-5004788516439762402,7493869642378469109
253,756,8444605238819869733,-8049762616234600795
253,756,350576391354885314,-8304619862192219828
253,756,-1410871560900574871,-1800145037284473245
253,756,1848148805326199075,-7583164964700821409
253,756,6033621605707684721,273719348539014409
253,756,-3356598418726218040,7100505397802094035
253,756,306660505128479878,6336316023332849591
253,756,5222221573136599459,3138246576075219
253,756,-5833785211096006398,3296390001528969414
253,756,1505069062235809876,6685750153046417716
253,756,6340733627090192353,8644234060507375115
253,756,-4864768287039398976,-3187388902792554470
253,756,8099604372570860953,7321848215132928073
253,756,-173885517214403913,8636666244479538820
253,756,7478696319874332083,4526423604127930683
253,756,5059530278780154384,1004834300952760517
253,756,-162801156886232454,5809919869269721212
253,756,-3401739073471789327,-4093086469160176409
253,756,3206114403421107320,-462797334069594766
253,756,3270452107935006500,5125062223259617338
253,756,-7550963060659069591,591133717278413522
253,756,-3347134312162866385,9119533119724129794
253,756,2778236865364181571,-4372936159259762740
253,756,2892730766164522327,-1481461463380596957
253,756,3150371423377306141,4735733296510617610
253,756,-723238076125461124,7238256452149889859
253,756,4393001556527971552,-370135775554832583
253,756,-2032547992152162045,7761693273956693923
253,756,2479329181099954380,124591354568274611
253,756,-7146730314915859040,-5846289497467816249
253,756,-8444232640838625124,-2951483398544868041
253,756,-263903754529573422,6890469223488155532
253,756,-5322223942742531586,8979018637158933330
253,756,4249864968292199163,-2788670493128517311
253,756,-2252698079803299860,9157980785243397170
253,756,-898696505384243181,-7746247116893580870
253,756,2719581996056605475,9206422529069447290
253,756,3413277880675056100,-5255804644141806268
253,756,427540559547080227,-20437139866770417
253,756,8181826095464832745,-4921990107789710691
253,756,5030335017198916259,-7451195732405324573
253,756,-1290730212503375955,3541031957787063366
253,756,-6715191325771181785,-578215506960902116
253,756,-1109915395055124986,2077149624767340563
253,756,6863550812705205452,3254358088889205092
253,756,-1529184234460892250,2805218671428508188
253,756,-7083902664710822767,-1859812297968499147
253,756,-5747379250840571007,-7496425235181483922
253,756,2150009610515937477,-2374972269034510859
253,756,-2542735388730328680,-4432693994557449295
253,756,894186132336324923,-4442616871287383919
253,756,5864609332308462104,623254857550541134
253,756,4928002447818545864,3553085046869071267
253,756,5554746078887307039,-3675494255256232077
253,756,-7805967804260998723,3787146252585396193
253,756,-6883501771123187773,1219180614519142872
253,756,-5349764630361972576,9053783507065414368
253,756,7693236432624674600,8674739262725107489
253,756,2539050407841162639,121322265303416913
253,756,7647121320847649321,8077784128150230494
253,756,-2168260348200647779,2317043130601297670
253,756,-5963873848519700911,1207004279682035339
253,756,8815786519787599104,-7994161887877938171
253,756,-2772954348722288806,-8472776320651339493
253,756,1887255124043643245,1492239165275228107
253,756,-6391978054769030904,-76651694780285224
253,756,-4227363789234673991,-8568050623051517797
253,756,-98834125636894501,8215419740199549398
253,756,-3686998789300015645,3445409494408554183
253,756,2610221111135113952,6295814539619604021
253,756,8688379947145548226,-1198459514131024018
253,756,4606113973827987362,-8635575404843558533
253,756,2375932493286275959,6362013011176368172
253,756,-1335286485309276758,-2773075822981441354
253,756,-4256600835436972652,3324354720776123094
253,756,9189594173732822854,-6455653660729647771
253,756,7473808154454777682,-8826540118806896334
253,756,-1573220782726168045,2190351554207812308
253,756,-4230943146832313890,-8771218556207869447
253,756,7521229697034119907,-995794570759952302
253,756,1951575948129577609,-8768041133391144380
253,756,-8969347588381797448,7410495106572949319
253,756,-5774583755636271718,7625468785577462014
253,756,-462367768485699922,5526049347114062516
253,756,-5229847904505331504,-6715082474492698239
253,756,-9048924927492053366,-5589627201129004399
253,756,3848032875009168128,-7159505836957552559
253,756,7829732154308869140,2517151152508808634
253,756,-1750779808872297217,-7546189700360655719
253,756,4595454536225002983,-8121189390154990733
253,756,6415754268832041667,-285927449178869047
253,756,3012324566544094332,7664028048414181372
253,756,-2234389227607376432,-2120416995038383744
253,756,-6994407431025119913,-3341028479180821975
253,756,-692371818949879099,-5328702503913111082
253,756,-5849541166644770344,-7282781504418694937
253,756,4353827656955001659,1255048287205283119
253,756,-2575753681139739,4734892346696462889
253,756,-4522269508843773007,37351268190004051
253,756,-955193750628357891,-905748771838575641
253,756,4457991972063744082,-3513108651081618745
253,756,804507064708652104,-2230260553076687786
253,756,24012417768032456,5932162969713553944
253,756,-7840487179304467433,3192222916029004753
253,756,-2637779972584637595,-2403521568680123012
253,756,2841520380138321802,-4444688966202811758
253,756,-8467615763039459460,2920277301797790971
253,756,6680241104714773965,-2279274684162349703
253,756,-6524946400417225181,5415919958240317864
253,756,3189827380893683002,-6965480320294896011
253,756,-8220039907014302104,-1451221538424784764
253,756,7863214453112258186,-7321354788033823815
253,756,-6189554060778946809,-7346213867244694354
253,756,-7462378745076934288,8718663419093744407
253,756,-5918765474662594005,3569764743584120942
253,756,979048146400209666,4369148128280811360
253,756,769584126432000642,-6588447490449691466
253,756,-1788242436102429845,-6536193833602086398
253,756,6935730103544313344,1143554024324623629
253,756,4737286490266411921,-555784945196854060
253,756,-6557792358568584759,-7530058048069128692
253,756,3270103123682938602,4942520696531893478
253,756,-74242120032858036,-7877060950052306892
253,756,-44395763867489397,-949580419220737824
253,756,6624944300743488924,6443496433920179623
253,756,-5242943804561951473,-4385368809024573592
253,756,-4291962280028954319,6156530874562611770
253,756,-5344827503259427771,-2017483354185009401
253,756,3481381459116533638,-7477897218254088980
253,756,-4452916548087036265,-8254148387110969353
253,756,-2929717646877557695,-3754966865084304246
253,756,1392370335599633412,-8611086505697486007
253,756,7508123484042846747,-4964291528955266059
253,756,-8125792954566500376,-5285699912436779114
253,756,-2573980385175403084,1511195115305984224
253,756,3407339594615355035,-9012617309109315117
253,756,-1104656865450365579,701242275655269413
253,756,225189871163710484,-9039096177966353395
253,756,7930225419344720097,2463512601454527392
253,756,6801137296551341558,-823307984095459953
253,756,-1452591092099671333,-6075042243164374872
253,756,2325441832171873496,-6283876967538836249
253,756,5000009186553227640,-7507128520764872485
253,756,4018911260351882232,-6278930066798903401
253,756,2635397850744576060,796198622366714865
253,756,5023767535204772894,-2468423768897188638
253,756,203556632647669958,5980363516706140236
253,756,7650928213238469294,2198837999509979567
253,756,1744224278920932660,-9134003104517862431
253,756,3151231153532708718,-2364699030036688713
253,756,4933105342068570595,4709199476749608585
253,756,8004936456476893361,-2101843075889893026
253,756,-8699601013452261999,8075892799561840773
253,756,1857493349669507891,5489682418531703771
253,756,7155438386357698971,2814604075258290950
253,756,-6314314443984943789,3001281615784658885
253,756,7449183986447955822,6367254132143770442
253,756,-2250497521194200406,-2079031852085548762
253,756,2433049146329343964,5369478302344754625
253,756,-9095819387504471788,-1199765172905319598
253,756,-8108043398346895935,2323567095602039247
253,756,3333023032611470373,-785222678739451754
253,756,-9202246618848088831,1321455056869497631
253,756,-7912228701650752283,4030687430772308168
253,756,-7023350672458512905,-4245581241589154446
253,756,8356772908489129614,71660758716824831
253,756,2197034117104166049,8046948454691750582
253,756,8232045378378789615,702517639711034573
253,756,7757141881309679034,-8727900765928203205
253,756,5442177476640336062,-9002578743291137056
253,756,417076531424132233,3141742991593026714
253,756,3396155640839117693,-1416497794300507579
253,756,-3786295261360246108,2955666723226543957
253,756,-1443024670426877487,5295517013496075335
253,756,5764548768376804325,5601109010543149016
253,756,-8336457351376669742,-3630548497870349597
253,756,-4286105861550136068,7113384001567768026
253,756,-2895645320855540681,932346148428441240
253,756,-7332858455233158062,-4034975940387831140
253,756,-4513103943310202942,6862695340328986672
253,756,-7189666578673991255,-1522882326838916544
253,756,4006578784032496442,-5727022811860387675
253,756,-2451924684413073305,1461840485172495497
253,756,-364341461135306250,8922013362776318156
253,756,6783645378921782536,-1399503739023166334
253,756,8282099221542005555,5240577990887357357
253,756,791336962907891182,546619944459696821
253,756,900093819700747070,4016976718051813771
253,756,305684121662413890,703993335878708351
253,756,-1408033707836672157,-1705675537695813358
253,756,4847573864403793748,7537148468521275075
253,756,8381713184123490601,-5124972062202105408
253,756,-7361625814798776007,-4970684603263146925
253,756,-6280318621134959100,5003589551236194047
253,756,-3818819032724129041,5489435933786003968
253,756,-6080323824393649632,7251444905034130384
253,756,4622375371032447859,-3776755210140486081
253,756,-7742217832435714482,-8281454570905887103
253,756,-5999529641222311573,5229273729639092857
253,756,-5047147960798874129,8434332750538598720
253,756,440187281609560939,3339416821547518672
253,756,1084035656047751173,-5639403179515969935
253,756,-8346713621231800852,5246828411427360905
253,756,-3444106381429423698,-9098257089465690781
253,756,-1941804779371198956,-6098801702202726863
253,756,4647275473855437324,8182911681702849280
253,756,-4655340415067366142,-3142061800064862998
253,756,3085355331503119001,-3713539463003044862
253,756,245923911951844434,-324397256169867658
253,756,-846293339057601002,-1507977337155956349
253,756,6539514174147111607,6404184787378991769
253,756,5690590076392371832,-251612351317268148
253,756,2121946904999366576,-5061698319492549310
253,756,4185420738053586007,-7013262474163015423
253,756,-1629151453329947050,7982275919960676372
253,756,-9126443218329658276,822238649706490176
253,756,8260446712528543237,6484892185179846254
253,756,-7217045525042168578,4059061197707019371
253,756,591858588820905035,5554901094338936277
253,756,-4383408241532005114,7830902799543356155
253,756,4773083096104773388,1311348454259134668
253,756,200700686657453273,2985419989560659491
253,756,-3787311733069823855,4140257414990968785
253,756,5183765011667688758,-6981665577259559996
253,756,-5823289312811133104,-4827886850174305282
253,756,1337068712084887588,5371317387116835492
253,756,-2864623741519400910,-7362883265236972054
253,756,-4328634650057102124,4045151426548539217
253,756,386582747845656326,-8482829670838894496
253,756,-6867608405829148015,7468940206933971948
253,756,3300296168147521859,-1649867282139876277
253,756,319234933644087339,-8183119554526908543
253,756,-7229701878437217831,5524464418352994158
253,756,-4488836555647525639,-1703055716400411519
253,756,3823676689300050083,-2571936219454196116
253,756,8011875528140385693,5288379988300252621
253,756,-2044383040485490724,7990361209312903190
253,756,-7479877431557212638,8918036800592454501
253,756,-1123506782226138911,-3360162856908997611
253,756,5233220793234881938,8425201226229021411
253,756,-2554811745859501499,3618705401840579240
253,756,1210770408394996765,190679925754022070
253,756,6909415621784170884,-5712158468206981060
253,756,-6038951922306814954,-7891683025109277413
253,756,-2551467835510176527,1089823117269977550
253,756,4644911676552687,-6393843739435574069
253,756,4984843600222461904,868633464585654763
253,756,675326691156396576,-7733224131391852015
253,756,1934070162928117462,-3989492515578079974
253,756,7842155083812724280,-4176276244224821865
253,756,-7613397445683788671,-146178515393127960
253,756,-2422768149685779834,-5902890805705520493
253,756,6653452774808307310,-5150284664246512577
253,756,-8756703254403780690,947192946761479977
253,756,4120301095860417635,-1448820662993771552
253,756,1875308289264970351,-408158492409830788
253,756,-444953341162363919,1528045832682697178
253,756,6938811900660114084,7369060154516996794
253,756,7947554273136957878,695524943464965887
253,756,-5366190728441632728,8558935318268498127
253,756,7929385871669156729,-5481628537928081603
253,756,-2645313032073413985,-8078423312598415364
253,756,-2399531786577220764,6824988922843541471
253,756,8957410443851014066,-7575919029727723198
253,756,-2820773017893970168,-1624972800050269042
253,756,3786653946093500384,-7100758862630762682
253,756,1455021260079651020,2057302603804114073
253,756,7917015445959067486,4872421957878124061
253,756,-1481070616442421059,8952209242007799437
253,756,-6963505228123429047,5545885676007439450
253,756,-4879121354844181127,933866858264676682
253,756,-7103105574230635856,2862208828488582485
253,756,6034021457396133935,6960266639454659264
253,756,3626670781834457700,5216315209287058209
253,756,6204088464047066293,3640433315803487787
253,756,-476929008158712729,-185928966769149435
253,756,4688461001118974031,-6354503853539570149
253,756,-192094910534391868,7958130137276799668
253,756,-1825247269849949511,2054921284884860107
253,756,2592825349287824881,949472539033860145
253,756,8027690079256156032,-5655643610433623093
253,756,-7977854607049493893,6969119031124402120
253,756,5612218883086744520,-8187506986395131468
253,756,530473349565732588,-2465322684913558968
253,756,7660660780757974788,-2999897780798973151
253,756,-870782573037297942,3927250882215215447
253,756,-3880459306068069745,-4979436054016520193
253,756,7600498154579268316,6087963819869182563
253,756,4465923801185917844,503124609757859327
253,756,-8063466614571552497,-6219476923872165824
253,756,-3275553065729657301,6572273346165925425
253,756,-6232242656664683957,4686296986925564213
253,756,-2117343557718987022,-7318986270242513646
253,756,1898736914964900201,-3996786581359658399
253,756,-4470564024719166572,-6838643283516681805
253,756,-4648975222973341841,-5669845224864644914
253,756,5609685315835732739,4913379629241904300
253,756,-9092590103590045441,5016804052006838214
253,756,-548767791647075293,5791555101512702878
253,756,-4509551826046332784,-8031756130756958325
253,756,8582270891201236452,662641634605464287
253,756,-1814386102080922677,-7823359601232382899
253,756,5494687342527924128,-6248688054950611774
253,756,962003760376362171,-6853494932718390154
253,756,8565245740106677870,-1378470716723531917
253,756,-5060246978207800493,-1799461142895972854
253,756,2434866253670409570,7986445587487923507
253,756,-7225067769677788110,-4949461935435797585
253,756,648883262225871706,-4662549379792354803
253,756,3343338841167693896,-6603085265247115229
253,756,-6870968349072526165,-1535825292550613626
253,756,-1651853694994102735,-1001351607935793454
253,756,7412929763002321379,-6162698180189608394
253,756,1012906632362725318,1789644312701588155
253,756,8404710220818706289,8545963028493621588
253,756,8106251610350768713,8971213689967415957
253,756,8395146256524109663,-877444640646596410
253,756,1521995962942166900,-4142423409232755665
253,756,3522931888929422773,-1848193258250028144
253,756,372386929521661048,5649009454716422795
253,756,7105298155350320758,-3458826906281633224
253,756,-8829607363622330896,-8610821783356430273
253,756,-1637278778842790340,-516915303471968836
253,756,5956618327112876853,-4285287695278381144
253,756,1564613752647989609,-5938614178955211193
253,756,-2953909028894458335,5972927482373115741
253,756,2920965150898309560,-5391864064982438509
253,756,-2808344994473479333,-3097907078682708026
253,756,1058847029506033620,-4233639158051777743
253,756,1130339706068371239,-8981234718988040926
253,756,-9019205471695034787,6086937262778720588
253,756,5793744661857208195,4650130735336412018
253,756,-4187918071085240767,3436127179781821080
253,756,549862714236502869,5130883088903210495
253,756,7184983744902301360,4910338246176840813
253,756,-134394720892613235,1208742663459341843
253,756,-132634691565749402,628266561194354217
253,756,-6017620634262415524,-5056016466045469502
253,756,7109148547993660023,-2132698988175106276
253,756,-4186257542833337083,3405109774983073271
253,756,-9173898187956447463,1621081630530684288
253,756,-6133477667360613578,-7373303359129828864
253,756,-3437309610685845691,-3569996264271820429
253,756,-3411953216133392861,3703275896102322391
253,756,7422407494256326200,-3667142349628458638
253,756,8128814416387472977,-484043681642585815
253,756,-1402557849445779628,-4780588199066347704
253,756,5401929836168645443,7526806513972097435
253,756,2835153112499725418,-5742227025708744995
253,756,-9158571959665242847,5337623116540713957
253,756,6684553352842528076,953436268892276393
253,756,8047255570049421907,-1178203049144232967
253,756,-6142432699139301867,488852743321107943
253,756,6516719756833867614,6482257077269101040
253,756,2171304184494774119,-2393707251830391281
253,756,7651286493403563726,8726980620979079647
253,756,5738775913612052425,-1646337851787540271
253,756,2438344167107985570,4002349296200487131
253,756,-5512775543097750991,245361478201045300
253,756,588965485355501649,-894784815728320682
253,756,8152448048478442958,-4248638657867597757
253,756,914304477963443150,-8413002134570905097
253,756,-1419615384238194053,8032487968900228415
253,756,7009965638819048885,-7721946079827843309
253,756,4223252231002522518,-3734709172960972508
253,756,-6855452531684985237,-1310407328725382315
253,756,1602687847269189138,3090763421443425177
253,756,-5904105560474404478,4905718670320989228
253,756,-8604489115336337290,55485339898206403
253,756,-2365368218621273046,-4246126594307834567
253,756,-5307055523497621513,-365605418009564059
253,756,-5018936468032803329,5829772323088420016
253,756,-908238711025191004,-4877615716311434781
253,756,8136175708207611672,-4615767546444917984
253,756,-2804381214608149657,-2933380689901155486
253,756,-1548371636969666020,3680560833231907591
253,756,-7156363805513347516,1795984498140966443
253,756,5402974778560879039,653178260535855020
253,756,-4323138074990497839,7847430764060516130
253,756,-5039403861019613695,-6598289789063239193
253,756,1444848728300603742,958274304295336966
253,756,-139835992284935943,-691300775580212146
253,756,3316901829315462566,-1785370707643693844
253,756,7151657305319185632,8235285496489955451
253,756,-5973943810491214313,-7992836548729801933
253,756,-3903120315508687659,-7958059159099305344
253,756,5244184179336394779,6090344639453292169
253,756,-5710520076735944066,5579035066009963396
253,756,7398120309432583135,9155946054883916492
253,756,-5180540032404227322,6910388707921575440
253,756,-370070367321230720,3295100006613856819
253,756,-8385226282780362579,-8419463641721530819
253,756,-3650815908568324707,3824628679608556494
253,756,7743972138787478536,-7976795026369849413
253,756,-1805597686662891633,2786410261089955143
253,756,1036597652317412504,5743498155991078845
253,756,-8290898222046684183,-4416993642093375682
253,756,1112951433940706810,5244733482921475863
253,756,3751195332796726815,-6681167653685570064
253,756,-46839109940593672,2859926276737891568
253,756,-3267609397131021403,4245172932876321965
253,756,-429482314074993755,8400221173522146404
253,756,1156231255425113327,-1084703497217783282
253,756,-8119646065528520873,3410611631874309913
253,756,-821436397183265913,966069134673976120
253,756,-115549130159505753,1487974303273073778
253,756,-1282096584813805234,-1978893438894332844
253,756,6718221945178389856,-6585571766433717963
253,756,-1270769249913368417,1353159735879655341
253,756,4084267283070953603,-2639647432986936524
253,756,955153433192487843,6970488658086035671
253,756,-5971471068347233963,4548101046675851343
253,756,3350820875196172439,-4273182184133673952
253,756,5557768130114815974,9072627317600052164
253,756,-2469066079687536169,3953770498998026184
253,756,-2497946450776352463,-7238264771638573777
253,756,-3596996930770159995,-7358120343916714595
253,756,9097545401356030886,-807978256848683846
253,756,6395771578806018170,7817315311936739804
253,756,7117168410364986644,4653561279943447090
253,756,-3956326577655074827,-5185963744899613475
253,756,-2311775224810660379,1765149693416094856
253,756,7954165697379423771,-4800625011798878288
253,756,-2546450943745590122,4450445582987377196
253,756,957757111166368109,-7705805690769361754
253,756,6313962727001737193,2920161573000267271
253,756,-1303677381159854492,4686357529763211208
253,756,5832558772656298344,684431973056862304
253,756,1067226689382038407,5983119620459222115
253,756,5734053948294510415,3891630000588082380
253,756,-2346919818460353797,-3044926741362402028
253,756,-3168192137158950797,4369055629199400574
253,756,-7678194270110162122,-3995931281112478162
253,756,8782439971816544561,-670728321602587653
253,756,3586445181124700814,-1244377779570189497
253,756,4792560276273430571,2282851060058139671
253,756,-6354111122415834225,4476145981804721746
253,756,-3556619109890207006,-6959660827156841795
253,756,-2932622975394353148,-2441556682247439695
253,756,6706876694160492743,-9112820773586915732
253,756,7391494653755743504,6414696768450010580
253,756,-1663303683766112262,-8899382635852295047
253,756,3485935882314405277,2472199642272010070
253,756,8176186182129360087,-4525120582437151864
253,756,-6374777612220740927,5906584805517290880
253,756,5538407092138322074,5638513694286894518
253,756,7945064851898184997,452004623168944891
253,756,-4767479393718053728,1873248161479390713
253,756,-3659165612533984836,-6127660307016403264
253,756,2977229890301951080,-6161084376433793132
253,756,7865934205969378180,-5694956342845007475
253,756,-6236557634831624976,-4262247509083650268
253,756,-6333257213575855842,817770750670346713
253,756,1636926308568131154,-5550687638844512073
253,756,8477899366397526525,7956794079682443939
253,756,218990963419964210,-1259585045445741760
253,756,-8482688910388731183,-6040377361072224311
253,756,1717331100847326568,9083089535251464586
253,756,-7440582885318766193,3129087779666829577
253,756,-1307893764008284363,8357108897014238666
253,756,-4030618927365754248,-4057844806792571932
253,756,6927155251778616923,-8643974874747053772
253,756,5177950343816157892,3555322799858643003
253,756,8301334371298441577,-4279655226469424441
253,756,-6088258447679387666,-996707612951369615
253,756,-4012148043021290514,3553600777857050626
253,756,3633355353527340370,1201657907933596982
253,756,2379559343670141835,-4558857112236638907
253,756,6255767002761774186,-3507613627449366543
253,756,-2019934050318914550,923459961182708080
253,756,6794713017653202905,6616959020694788842
253,756,-6703281022481657148,-4112628934122938926
253,756,1634551698151447768,-2713345033457484503
253,756,452343106319659851,-819468564178401291
253,756,-1120259366656277527,-6334443500825381486
253,756,-373757042470219917,2756677257795374770
253,756,7664420291198556945,-2310418332122400129
253,756,3417497098415376259,-2761024349145374993
253,756,845058440461698410,-7021465257357560538
253,756,-4670716466239513455,3108538369982714515
253,756,7528825061980047799,475109188228993706
253,756,-2251838849738336038,-7875995182383522187
253,756,-6527028415469007849,-2611936664429664545
253,756,6643410902549545973,-8123191601183536831
253,756,8183251648940029813,4236145291728176925
253,756,-5586367204432258293,-5677095674821184217
253,756,-9047069068466522179,7552005439596992986
253,756,1107147522116347922,2089151940420394397
253,756,-3345455654270130977,1777282228101159180
253,756,179760126581773425,987176422197885492
253,756,-771029160422500631,8971604883365813707
253,756,2102610841928211402,7966361772743823130
253,756,4950129793136237427,-2213660713733166268
253,756,-8743771039682944667,-7794747564145485188
253,756,-6659371404664867264,-5429181830536063408
253,756,-8540499195887164399,-5711844354140070363
253,756,177273818226066885,-1666958628188628475
253,756,198191266253838329,-1364832363615020586
253,756,-4285327493335836953,2161975342620697786
253,756,-7662526731935879141,4711091749382926842
253,756,-1158275385658566725,1561068646912052021
253,756,-8425597254822056081,8196663296227500849
253,756,-145157187345229495,-3383894272458575339
253,756,-465802041213276979,3676919164800774371
253,756,-8722123196728681033,6735922824475152144
253,756,3409272291889160402,-7735638212822017719
253,756,-753763455393893358,5565165075759675150
253,756,-1489321268039339253,6651305137985008793
253,756,-3938548921266045531,-2693387658391281357
253,756,-7402732358124334733,-343797348377151265
253,756,5187983342123881131,-9180610219209352807
253,756,696604071606722534,4194749968416962089
253,756,-1656578189385673819,-233590149417256964
253,756,-3486650260889995482,-7309777631790058936
253,756,4021583491406089032,5762631228491899153
253,756,6850295984631433467,7983713055833797553
253,756,4776472811815966129,-6275244211048692159
253,756,-8906893634295232209,-5724247398117791012
253,756,5296012568405497963,-7198736517838030502
253,756,3179865589828318548,487315241471586685
253,756,-4232020537634538406,-5924726030305643663
253,756,5051845721457377996,-7838345974085696210
253,756,2170516803848466220,8073914429767462142
253,756,8245840041927782085,-4361376847997358158
253,756,-4345282350588634716,-2596786453041508305
253,756,-9132707962968266314,-3492300328592436566
253,756,6261253365449855988,3740125303984052890
253,756,-2618868166595292026,6096373224211833681
253,756,-6922944702850321111,7786532186246703828
253,756,7678372086140855649,-6270016010766024744
253,756,-1605817196456620258,-8531520078667183348
253,756,-1631602684447575544,5529652718053051785
253,756,-2853482652209941174,8073758877470296354
253,756,-4154683979344992883,-73699683841276467
253,756,3071376549864875777,4698025348393833194
253,756,8068494759032613200,-5379322559879701402
253,756,-4192110899195226625,6848257694027643879
253,756,4228858686979605010,3967170491616013363
253,756,-3179149479886284382,9001406198858401954
253,756,-2853284940035855234,-7863106081852283156
253,756,1433003324497111601,-2420648100106089469
253,756,-1922719346773891936,-1459293364804181416
253,756,1838389353387451794,7433651474155637857
253,756,3430076265405490647,-9150248312089819385
253,756,7107751903159998771,4223549619548292842
253,756,-5065875958791256044,-772345106015950019
253,756,-8805218200336126054,2888676951187723264
253,756,-7326945688811740120,1862979422061419212
253,756,1248123108020145076,-3783324915895480865
253,756,-4522172316196455284,712435829907878634
253,756,8529607442536633347,2241560073951758862
253,756,-7404659731841458947,-3586069517936989521
253,756,-4327252711179049669,-8554208915930394112
253,756,178192098166252419,-508932738420783574
253,756,-5234752178697019242,-1120153167588297507
253,756,8183631867701024853,-184492827480978387
253,756,265718000950890150,-623627493187206783
253,756,2954563015218035907,-4086558246691132102
253,756,2447611394585001237,1087492933063482596
253,756,-4874424527411395671,-7700156204294698539
253,756,1943375415012131773,3531025414545903417
253,756,-6318859874939609066,-7187936724737693349
253,756,3018492098925508827,-8861559158711523290
253,756,-9113880411232184983,-6094085240843817312
253,756,2940668461892409736,-355133927591464333
253,756,-4953480863374828834,-641558709327173807
253,756,3623587262537232339,2814669403631522957
253,756,3224416216616876501,-8899314644743197765
253,756,-1249862591572761252,-8651261428407210307
253,756,-3381401206946311205,4566977019981344613
253,756,-7279587185240447333,5466161467833864657
253,756,687952065422870375,848249452255484349
253,756,-7063518074487951050,6437508339915928180
253,756,8876988986393158609,4042528076019019630
253,756,8823497194807799342,-5920234711971853731
253,756,-1477949724474655862,-6786850719781564121
253,756,-860527406776388624,5767334244299260831
253,756,4164801741048618419,6309318744665543641
253,756,-7193303395290850877,-4774389751123405782
253,756,2168202057484857213,-8156795917955737344
253,756,-8353652026139985209,6087794774961438678
253,756,6926262921419961714,-865711296326826544
253,756,-5835053672188692694,-8348795857473179325
253,756,2797544286246248356,-2235493549824796319
253,756,-2404088179093988220,-4646980175303962240
253,756,-333551816853190737,-6389324681007636556
253,756,-2774164312048821984,7198576705952597850
253,756,2467514766296016562,-5826613145012403363
253,756,-8010466126040142728,9017831241031650950
253,756,-5832786911017412440,-2531120409284229857
253,756,2978996839089861119,-8766588339406046596
253,756,-9046633719298286365,-71209506156170263
253,756,-8916687435883954604,6226190588553562461
253,756,-7390543018202114345,368506624979629885
253,756,8912495342072805049,-1424875796956258732
253,756,4307600937233740364,-6981652244375903973
253,756,-5337550439043903170,-6679241635233035682
253,756,4222741768756709007,5050956480535618740
253,756,-7536724467629807889,155587520717912292
253,756,3057460346462252052,4627576770330840145
253,756,6572041323505319296,-5401788789646374356
253,756,-115846193269832750,234119461174804403
253,756,-3183155967621794356,2959773459398475936
253,756,1456414029521456293,-8288445955957185200
253,756,-60341787934375424,-3471821469483284638
253,756,1865439669543396892,-7568141852618180856
253,756,-8555112624764507479,-2605392540486604290
253,756,2184304524274564925,1604380320177240324
253,756,-4770687733222973053,-7397313613706055316
253,756,3998938262068359748,2078025632532580031
253,756,-1083590329277304616,-8885843840319449238
253,756,-4649240444985925933,7349164776087975401
253,756,5489231695515451123,-5857819142174537304
253,756,8257101049855245009,-4048615843094932856
253,756,7733345552548084564,-4657340855744227632
253,756,1573681676544239403,704502915057908542
253,756,5788937895704906507,8057029713517480274
253,756,2861753520669272605,2118051737340103029
253,756,4697063145273050318,-3056207903442070716
253,756,-8277356801104873416,3677040933402395535
253,756,-1069798077228640618,-4663102943258305822
253,756,-6926559716965275353,-4170961651023771631
253,756,4498509628713447103,-8604748114235337216
253,756,-6460813488657568292,-400976853728548523
253,756,-6279421413520711047,1161933839517464419
253,756,1964481018291475799,-622092559049712262
253,756,1470332408170103958,4123998897794665774
253,756,-2452024883464085551,1384174346174118050
253,756,-3550486780282676768,6387748789029788032
253,756,-7337658360884181437,311452480524350715
253,756,-4920092669062086809,-9092537059516341421
253,756,-1151334128939239829,1435047131504737255
253,756,2022969310740765450,-7236190227025285538
253,756,-6478783377666483554,-8280582710818305301
253,756,8331344127149793982,-5744288677862465583
253,756,-6628268963423811811,7400660346638375077
253,756,6412127919854145852,-4382009488419282043
253,756,6025260452103847972,450777950261424472
253,756,-4755778151161011287,-8649932964403809591
253,756,3992381215434266774,575286380490558680
253,756,-5501261954855871921,4559002857620567031
253,756,1177804030118835273,3910326243196910772
253,756,2903400109661940277,-1203278234638724183
253,756,5436481904012380808,1222801949415305989
253,756,1860593984694746499,-6139454481569750872
253,756,8043000325575841373,603600725849631617
253,756,119671055152643734,1192771551856530427
253,756,72310951611376112,7581315111706207199
253,756,-4101120202128953286,2062875883679187800
253,756,-2796669090837921542,5366169487162206666
253,756,-8517804860575857944,2182080110765279230
253,756,-7695507190342811173,5023491568165925684
253,756,-8245131583542894304,-3398295132347964343
253,756,6656582327752997688,7225027769101574768
253,756,9111132774395952211,-8841289872362310260
253,756,-4224340118635078952,-2461630212252132526
253,756,-7038616482235910165,2733733491935107117
253,756,5154751192493543103,8774802269849037426
253,756,8398426434039030895,-41562368258674544
253,756,-4975169898171905011,-2520221000105601202
253,756,282257695121291048,-1564180449136268736
253,756,5801016836495026737,8436420137394360340
253,756,-5741652458756401322,370831596201913058
253,756,-299664083886302857,1929890036524549779
253,756,2724660713134687368,6233893151320168220
253,756,-3729511107817531770,7749422604279983683
253,756,-1842577369340719548,7084136155518898904
253,756,-4236861738764644435,1994770778992257826
253,756,5886960821336862718,2636080601713429886
253,756,-5349732449311311675,-1496550255101478208
253,756,7620125800053265860,-752980693285577221
253,756,-5647174880289922295,-7258779088604876957
253,756,-7549663178681057471,-4082202852187247350
253,756,3581130368596734700,195749373741212799
253,756,993404230801837054,3565721251499196846
253,756,-5558198098211657295,-573802924915678345
253,756,2838345406267755201,-8510091625315990346
253,756,-1688217700447040646,-1990458675686156603
253,756,-7733319969478953999,-2664442086088110091
253,756,-3747125025965725365,-3215168336753805697
253,756,-5404991943314256135,-8689128075044847856
253,756,4678727283499027473,-4021576646826952559
253,756,-797090825554239820,8404860237692839452
253,756,6848957911567628303,1278016640440195780
253,756,-8920157509428150244,-3818024386768346292
253,756,8398780268159604156,2556134340260594364
253,756,-7789907356520596784,5433006829366027099
253,756,-2100810317935461944,-1282307113132956685
253,756,5138606097543953638,-2891785684062523076
253,756,9070122484033616352,264119239593182131
253,756,-4086756239450195935,-2361056090319565203
253,756,-5531909705015892417,8111011851805037610
253,756,-4479138701445351037,2098637847291065627
253,756,-7948786878801400816,-8572375463768365713
253,756,-5431244594340439471,-7534640989788971303
253,756,1746758814466122966,-3844339827836006749
253,756,3155863060104656043,9028579783138757831
253,756,-847322002140165224,-6810066760253579853
253,756,212685572464057531,1699099590652665172
253,756,-7862986723272885340,-5786611229081926926
253,756,-8065682929499589106,-7427982758679352146
253,756,-1768781958881016146,-701967652105358124
253,756,-4656264944440811181,7379965483475449465
253,756,-8703660776389157490,-6255071345579965796
253,756,-5275220349616451404,250556169483769609
253,756,-5138507324620369659,-6239200448390751375
253,756,2753559448634168950,8461711059937113140
253,756,-4683012813653957209,-6211625308742933357
253,756,-465009683674634000,7982392984633301034
253,756,5529377270344497442,3071512706566788794
253,756,-2026924099849736104,-3561123337403067966
253,756,-1442148033337575230,-2745896259353301028
253,756,-2961380492677390167,8548555550947732228
253,756,-8757741065362534866,-726500733234635135
253,756,-6730173626127516092,7214693437936003053
253,756,407906047439358829,1125317545217726724
253,756,-6494770006766567780,3373921055176223452
253,756,3543400626163659453,2107001338870257503
253,756,7121104520639727171,833162350491551742
253,756,-2217882367325758851,738277770297409276
253,756,6357728432347412804,-6262651132320122643
253,756,7198577439784414942,-8654421176677656761
253,756,-3383120760807570396,-2790950604177464276
253,756,8462216122872736286,-618680540766671859
253,756,-1808818093758026068,3625724191845949534
253,756,-5626716492800180249,-8342902331217039093
253,756,1804903253908929570,1586585904125317440
253,756,-8721818440851592582,8853585878147785932
253,756,1996004870350971235,-9069872127519351173
253,756,3831714896178311272,-6548208410592582484
253,756,3400833315314963022,8945801275585568370
253,756,-2819539323180742411,7334942121092649688
253,756,-2623160349846135847,4594046723080140525
253,756,5256113783033121137,-1027933176501833307
253,756,-7627222358700859165,3813010311584132731
253,756,7057326328302094590,7135393414697090768
253,756,-7639272528411995835,8829749775271285347
253,756,-6220880647822807716,1961966537978402668
253,756,3525536844436531570,1223522943437636918
253,756,-3597778128562419295,1491450423483468245
253,756,-1650340443570489266,-2166962612454324151
253,756,-5047137651796253006,7568508279609198656
253,756,7992141383444398849,-6726564377839091074
253,756,-5769715962530131674,7379809554141834326
253,756,-2495023553404049696,-6414856129483709417
253,756,1647821480116148026,7011463103117370541
253,756,2972170898524456367,-804147316910592550
253,756,-291169213597579100,9137139954512861506
253,756,-6778833872210222116,-811728654639157814
253,756,-7622603793606732492,-2568159271553397196
253,756,939623001843133407,5326518794703495975
253,756,-3550163885640341185,-2269604124549178547
253,756,8522889687013740484,6832393086225468013
253,756,-223031077040117479,-1421869451865180526
253,756,-540763649631487598,-1925237156779451741
253,756,2869266214324651709,5873071925697454359
253,756,-4761219178430698510,-4374941112839742262
253,756,-625353558850680680,-1444419535756460689
253,756,-7169657565675223292,6919961716886760311
253,756,-5890622702456306699,6767992529482724354
253,756,-915557877970377270,7893124272606527969
253,756,1286761542434390634,-2834647557857405426
253,756,-2380666393247021134,-242761736693021134
253,756,7367315266308042759,-2366742172261722435
253,756,1523519919509649488,4580328264705770841
253,756,-4307388946872710342,-8811289673890450114
253,756,-3599605970720784037,4729683251790612316
253,756,-7940650636700396851,-8822775109658254467
253,756,-192455711474032187,-18014066266590713
253,756,4304296385211848752,3998962662270740311
253,756,-554269033636955863,7133504239097251727
253,756,2608179698556464237,-4859967950330271189
253,756,-5583881533199445963,7938635851867907691
253,756,7799562350215519579,-3041134487538095325
253,756,6531512618342704938,-7303481870213175022
253,756,2381458312735573008,-8481517720788035026
253,756,-2232432180828641040,-7391271225004249466
253,756,8752381277502586558,-5075788874383329358
253,756,5571785213555280069,-6182297851480102919
253,756,-993554270728909662,332185490468076251
253,756,5464810373602941606,-7651589106803340523
253,756,2189969685558924569,-4489635610214719241
253,756,3723751645297964402,-6496262227909721310
253,756,-5176267796228571273,-6206271783421571949
253,756,9151397794060726546,-7340415971809236643
253,756,1891118847511298760,2828421335552699158
253,756,-8423498186326001223,7703992551105420449
253,756,-900335133295399642,4974113072002249410
253,756,-1188320024172850765,-477734619122875119
253,756,-940653351000777665,-180225647698876250
253,756,-3330495835271681758,1594200088764605765
253,756,-3268506138401764743,-5044276797682654372
253,756,3890451155446746520,-7379888558002093306
253,756,2530191729662336343,8528433076690501367
253,756,-8159071612248876925,3172461393355174688
253,756,7690017769117785923,7472793517411711882
253,756,-7467735556680893852,4029711067914390142
253,756,7419764671582329731,7440000200770062661
253,756,-7691392620893208672,4716186860517178780
253,756,-1317739719180517288,1573055022319328438
253,756,8020381151750305616,-7370010744937098572
253,756,-5495673338538140937,6388190244302784322
253,756,929469601233014251,2711033985777515540
253,756,-2254385928984901586,7188410637420911349
253,756,-7761863400377556124,-4368046234139753164
253,756,48056211703489312,-7540409692845613443
253,756,-3667990868399396014,7042085924332079185
253,756,-6514290213153973847,1104425629442214617
253,756,-5497646605968145298,-8293503216792151557
253,756,7734956058297662744,4369390977862041928
253,756,-8172173984968446790,-7615805208058525668
253,756,-6816187703703480640,3172305529332012817
253,756,4435339233266831432,-1127731543042237039
253,756,-5132780067989864447,-5659351176693561310
253,756,-6258910918987683603,-5987904195116950973
253,756,-7353258425003126521,-5816263654588888510
253,756,615274850546669186,3876324446224903921
253,756,-2958105319135488010,7837579055881124038
253,756,6845659098622795045,8767681104030564795
253,756,6033138570538625506,-1378348444839167244
253,756,102350445353041257,6366741076640517366
253,756,-4993599240277559762,-5745596280741924879
253,756,-5810018685559132974,-6172579855959481877
253,756,7220673685532170983,3904828454273511679
253,756,3369740520407394373,1769930196938139713
253,756,656657672254838310,1768548279627408812
253,756,-2051983110652777239,742868802210548748
253,756,-4324667486294567396,8782952407946597136
253,756,247252307649727548,-2440421446750669260
253,756,-460627569532760640,2663106646467234138
253,756,-4698755138660594547,-7839317193339998476
253,756,3706390559905655528,16116676654101449
253,756,-3893026482862860512,-6106149133745425706
253,756,828137664659564345,-1311934513237795481
253,756,-4723312194069063691,1768182409106731591
253,756,6761531791372565756,-4349442826399771838
253,756,7580034800527821050,-3643750129266964001
253,756,4099444735409709851,-509146919605218899
253,756,1886087369025125068,2353845435443516773
253,756,1912160411252749129,4467361160187494764
253,756,-6075304332252018045,4416009553782275541
253,756,-4474410240682133177,-5387205016013479683
253,756,7744004703924785762,-5169936589238201146
253,756,-8184482626136036360,7678385062949486024
253,756,-7749375016534890653,-4681568785202111552
253,756,-6761891831304782158,3219756577896139616
253,756,2607748576689078662,-3022159324431917830
253,756,1313013113525411352,560823801607356120
253,756,8459272659305763848,-348370069693634404
253,756,-2493729255054385593,-5151048258944515038
253,756,-7860888161972976942,8836471390262840539
253,756,14147086202819551,416151690179811571
253,756,-250599081700359073,-3740918210931986184
253,756,-5136789483812807630,4682282058418399939
253,756,2684209773252078979,-1415454728058229207
253,756,-7167074492042084043,-4304984463144267616
253,756,4628755386137272953,3729755566030748271
253,756,-2885065568267132302,3782695560894696363
253,756,9199466534264137337,415033314174336543
253,756,-5692587184012012997,-4308425910031033705
253,756,-305379102904716689,-1441377269886574401
253,756,2640720052542740495,946760536124244941
253,756,-7543878417204853775,-423664871797112387
253,756,3809369998125557226,844055213698134513
253,756,7349845320264384864,252723437118161598
253,756,3223105577307123509,-1701379950001357851
253,756,-3126642655652709565,-5559357451618303080
253,756,914699101120861478,6034333766149871096
253,756,6108246875512091772,3868040730912562362
253,756,433042010968968888,-479484166990987909
253,756,-6828770764772605261,-694283609274046033
253,756,-3456100073308029166,8418129452160169149
253,756,-7165067165935246184,3626656365838982871
253,756,-7254380821809351101,3573691516459470993
253,756,-4222540991106355032,135924362760104604
253,756,7373577729006909898,-7555016854248390797
253,756,-5145357517136246736,-5309856780017397595
253,756,8920437268306651561,-3022602568174447613
253,756,-8459334358658196005,5362227007210840541
253,756,8570962983029856288,-2967090964187225563
253,756,-3435146162007491051,-885424434868292878
253,756,8167811549876867799,7629959059526870074
253,756,-2558325383878350947,6202235139047125904
253,756,-3494887850660952538,5109473826517579471
253,756,5256708510183082711,6513750792868241352
253,756,905321351384762823,-5600330796737030663
253,756,7487980250140524809,-6605593740427334004
253,756,3130438384784427935,1616505058151742946
253,756,6549146369197941494,4088664506281620842
253,756,1731738795617359118,6458820762472429138
253,756,-4474945215632142687,6817563498288421473
253,756,-8113630040444313848,5402847658297722070
253,756,2847737415278795045,-116409176393134885
253,756,4178612633784364964,1997376657857440206
253,756,-6508590622444479469,7353901887150705882
253,756,-4094010877811656692,-6643667603171041399
253,756,540520864416937030,-6628317657625340636
253,756,6903703000847712257,-4122416246959840106
253,756,-3461430778781928053,4930515488291028853
253,756,-1054854834407500866,-2000889429112133210
253,756,7844107406020723355,1760367635599603628
253,756,-2520576283992605038,6523354554985419225
253,756,-4489447530235470391,-3966062476305294060
253,756,-7841064561469282167,-7408869033486842822
253,756,3409924896027609872,6627779339475929849
253,756,7384961107380842988,-7831604567252804726
253,756,2608298297327778737,-1873130179507506568
253,756,-3521334143448437742,1006388055161010809
253,756,4909854109603750052,8331493150905384152
253,756,6401009624228479897,-3985655678269710572
253,756,-1588806265908299752,-4185178280409335879
253,756,2910956428029099324,6352401866980521174
253,756,1887728252537179005,-1049857424669027429
253,756,7558142655179814294,-6191005935431749698
253,756,2609802890261822282,7898963038547020085
253,756,2161589663057554246,2880008325736903261
253,756,4677045417786441038,8034220875769121495
253,756,1816572603434041848,2970604218819312888
253,756,-6295627999211530390,8398253198844865454
253,756,-5269802115140733050,-8669055153826976896
253,756,7293156372089614222,-1238106597505111814
253,756,7081419639838882483,7264943426801536371
253,756,-5618798794968177777,2522505804371953447
253,756,-3497058093690045114,5627195630722973691
253,756,-798492520893609675,-6860699892553911918
253,756,-1884171658546587534,7460624981500142688
253,756,1810999535622092527,-7800094002217760711
253,756,5615066448237033747,4857350798218925273
253,756,2016098553006611089,8258884554572139895
253,756,3990257578348526547,4192715603421265225
253,756,-1570472030875951319,1297244609321055463
253,756,3803320158204305511,-264280229147040563
253,756,-5838781611232021085,-4041421974857601681
253,756,-27971274586216190,2198590296797390012
253,756,8482751744428333991,-1920032543682643896
253,756,-5743431051732509905,7800451854526515627
253,756,697377812403605025,4021454088867717173
253,756,7869186877791094937,651846967335595964
253,756,-8196840586313811277,8481810644841865803
253,756,7473750490622691864,6937704181081679130
253,756,-5642997870252689267,4689689553772675163
253,756,7566102781426112391,4095532862653885422
253,756,-2445252644087787151,7783102133001097437
253,756,-4087172552371213739,-2671446374130462283
253,756,-6981861686496917838,3682145170700502057
253,756,1020744864764758181,8893992946686275804
253,756,-6019381023106433374,8364750991329927890
253,756,-3373325495532287028,-821997006110180970
253,756,-4440051262691086238,-853004575550236308
253,756,-214483100089148801,-7456867783457814254
253,756,1956317505412957930,3085741984549006512
253,756,3270597386445666045,6665147224704246855
253,756,-2385889581106269500,-1236864845007274344
253,756,4484351498935340732,-1588300272400650191
253,756,5811716437438681268,-1881160062730934344
253,756,-4587655178944121305,-6003499262623023973
253,756,-2730413134923158405,-1919353368852173069
253,756,8434561111392421842,-3376838389956801092
253,756,762288205649524651,-5724978505505037829
253,756,-3166262897628726158,6826907996569947843
253,756,991993532038884719,1328949071002515681
253,756,7672405015232307510,7065860680456574218
253,756,-7048227745894618635,-2667097464747713370
253,756,5647500755136025889,-4712862558037257630
253,756,7202232921276158322,-79925636101848856
253,756,7459660450505982848,206703257544061424
253,756,4466821807510705862,5413508259373486395
253,756,5218258938986450899,1603573613056022820
253,756,-2253153990721061750,-3755149133429875134
253,756,573875882076408380,-10181318943302913
253,756,-5929226000023566691,-3171026469740303277
253,756,-360370997982358917,-3243576389596212978
253,756,-1356257232179944681,-1719401429792479743
253,756,7060449398070061251,-7565222530702445388
253,756,4267003222119190633,-6107813890929642735
253,756,2845939325660645857,3227491867293491352
253,756,6749612353712907866,5464917304723942784
253,756,-4300912024399668493,6506027431833643790
253,756,-1453718728201201747,1712350374944798490
253,756,-8441453371633623908,6491861320467979185
253,756,-7652439875215785704,3660806723274989399
253,756,-1640809748357781021,-6392551984116701466
253,756,-4831705335801010023,6039801458794276800
253,756,-7599988133884223700,5026692709338423756
253,756,-7108429890757617818,7156155673439092768
253,756,-9008295562342333537,-2734693330436923732
253,756,-3189719441237932,-5360736462521236811
253,756,-2817729198638630509,-5643902986843284700
253,756,-5367686003648091934,-8130255354299420742
253,756,1125859992011769972,2722878934258550129
253,756,-8767132443576694534,-3151257865535018596
253,756,8793320906008100797,-5367602474115039110
253,756,1417643601627792294,37122690205204194
253,756,844212964096394996,-1572186016568758859
253,756,-207434714943485994,-8260167180648024984
253,756,1339086621443686298,-252606260725259046
253,756,-5760107251213896358,8084481674474373753
253,756,-4887918325761082583,8989500743426005898
253,756,-8471286246930501342,-8719887855098974380
253,756,-6326725323039724622,-6040167197227366956
253,756,-6977513099776651001,6934977314095548890
253,756,-587157429331313456,-2728480792598094255
253,756,-336045577290334440,6808768044995903898
253,756,8860844179754832341,-537038453412255678
253,756,6874388348189668793,4440065507692939867
253,756,1831161584922596039,3600411063596094191
253,756,-9173061793142274096,8677011856988673300
253,756,-4986166123461693582,-8639868797716631341
253,756,3088420009847937364,719632802519530789
253,756,-5533173193136869465,7460442974331441378
253,756,6382006084429492074,4948046827700016135
253,756,-8169631512286970779,8747564998704817740
253,756,-226520502100461973,9055133197705842589
253,756,-7469861933556539053,6555613442322090707
253,756,5615616367098139256,-3774545853277898511
253,756,-4023889563057766355,5777810647943262262
253,756,-1227664816267005231,-4637634714970153652
253,756,5393538101724576087,7181020887742352546
253,756,-2211425289572947695,-2236024209362968764
253,756,4943948343472650554,5243758078487611116
253,756,-2372052714568628897,-231013179830162005
253,756,-8753110922320855430,-8939849834789258417
253,756,-7369400744551005286,2295523932118853375
253,756,-6514034707492024036,7685028677878654384
253,756,-8774398950692463929,912130026272691006
253,756,-5235644499819927540,-8413878607361215965
253,756,-7896113002028413663,-9137868456139174955
253,756,-4281377103693937968,-8811510083880322381
253,756,1093140024973355066,-4675250898709322716
253,756,1326834145263066086,-5762657967213489512
253,756,-3958484968920247438,8317595078182346920
253,756,8004351102575117327,3570167843972893743
253,756,-8951025092104932286,1641075852308265968
253,756,3701522578662000239,7889735710451884307
253,756,328463746942251723,3482265103674324561
253,756,5664964288180286809,-1988569250291027771
253,756,-1181938711161723108,7126273098870826447
253,756,-1844832617094372866,-9184630453353900214
253,756,6835256965148857251,445398859404864319
253,756,2414361604449494386,-4053919104116092032
253,756,-5719012726999710109,-7856389793710975383
253,756,-2281645044789229368,-1406608321995523984
253,756,5813945729048304799,-132883955754135542
253,756,-1096761308908826177,-7667346715119297527
253,756,8410100117826171902,-8914082282737946831
253,756,-7182754722517858040,7787703858748274051
253,756,-846829888004764857,-644963151617313065
253,756,3897716974219109439,6145606711691039097
253,756,4579522480238675339,-1144111008569103132
253,756,-8409920343370705761,4734818310263599679
253,756,-3362694447621434508,2432327890409410241
253,756,2765693360088760430,440216122337361990
253,756,-6629518356915976027,-3105226027668394236
253,756,1748524348371536355,-5221925799528421035
253,756,-9151867256826608609,-458489505240100962
253,756,5082406118482371322,7368187879546666922
253,756,-5977561036132469814,3120299512699165916
253,756,2304291352908801105,7344582870547010530
253,756,8935206104221390985,8466462474521676137
253,756,-5450095346928702214,-1536196220090370190
253,756,-4188777738230615547,5341580252515242329
253,756,655312511119375561,-7051436675148999053
253,756,5028168526263672219,6318678823766303598
253,756,5273498743310673159,3604820744367745376
253,756,3089774547547890226,-5219882865856283386
253,756,-1363323840350948407,2546580994077111325
253,756,1258162394819105581,8495824543011694313
253,756,-2820751359575980029,-9053345379935444257
253,756,-6364676356445025110,-2784980404786400340
253,756,7658986329468303779,455402802809500735
253,756,5542351246047894178,-6874820429118274916
253,756,7581769060532469039,-2787388596042345901
253,756,-8729048175671299273,-3310790572218147536
253,756,3932904321105112892,4610732314222630870
253,756,-1885683999627921805,-9068754090840487832
253,756,1281273216545790053,7382874599900479513
253,756,2670157860957734754,784051806821064134
253,756,5573760051197990653,-7058587764399369396
253,756,-9167800967654959394,7572927490130376347
253,756,4626714554952864956,2058881467722473883
253,756,1433817686874724608,8537149106355063925
253,756,-8860120161760015405,-7981340481606192161
253,756,-8495655348714713033,-4084364029550173610
253,756,-3662444980997929333,7369972723961865264
253,756,5241504656941643706,-6762464790533204775
253,756,-2784301751621079376,2348706977616048401
253,756,1900889179634660464,-684394007196256365
253,756,9151442921669319331,-2505935128335881290
253,756,1001095229262814350,1702924604576452826
253,756,6269525845159663454,-7552745106987673479
253,756,-3894722703892265953,-3566027373633369316
253,756,-918648637389564623,6129819817295442616
253,756,3689317514309165179,8341986972545723381
253,756,1688929267590203127,-7377490970520102859
253,756,-1887423223277883843,3040947973149218675
253,756,-301359978658461460,-8664309495449530860
253,756,-4822563528626555682,386489379463254966
253,756,-5098725024588028412,1293862814967369595
253,756,5457169129062903119,-6714297982218421894
253,756,7725949777455029077,-1054595495689712434
253,756,-394557411845194591,-7076495786475733803
253,756,8725993615316965587,-8250946245733351858
253,756,-3571802093561714334,8099333616091936318
253,756,-7463643555814773121,-2811745827332850426
253,756,6637081083494150409,6576036420217935971
253,756,-2281180276631318707,559482962405968926
253,756,8427509705667291905,-8190363499752384112
253,756,-6919240557473287395,-6423553521198279926
253,756,-2108811917501557870,5794256900353964374
253,756,-1189212663640432730,8876303736817823160
253,756,6751931133005710807,8494348852114486767
253,756,1344244293615795760,-2136905340349941776
253,756,-8075713597672351225,-4189147946566135653
253,756,-2963134683893058312,6645114768868548762
253,756,2886515930831396043,7124043161178115010
253,756,6058686310935125560,-7035787502455058280
253,756,-5467176976312835185,5286464356539462715
253,756,-2023622158140770951,-8831144885473117406
253,756,-7764175817190016329,4435996677357971800
253,756,-914704553299379519,-6040224284466891006
253,756,9005395744671134960,3904272478776355709
253,756,-1696804419877968646,-4841425973807081091
253,756,-1379965253049684112,8926438486969577824
253,756,5538180662120223540,2481997577628693751
253,756,2357531249982579900,-8287935707749834951
253,756,-1268962352139470262,246892920726890591
253,756,3192597167425128045,-3956701393483895829
253,756,-2708127104773927647,-7100012268610981215
253,756,-1694189765129290171,-7349100724573388131
253,756,7206383734393614774,5317681625127515718
253,756,94321315290884014,3478125153523412845
253,756,-3031018015008899365,6763265995419066055
253,756,7659411361846551635,-5643781814784651311
253,756,-4495330390848358831,-5370093628648156125
253,756,8881131285940775025,-8130750620863471671
253,756,4311929205740640619,5970473791622779248
253,756,7508611556900351,-5578420525277984656
253,756,398575990581050039,-3029813044192477351
253,756,688398012503928381,-2974741074576869755
253,756,1385351829824115751,-8115043866341905307
253,756,6404847302048174639,2309803790854183885
253,756,2065995341267005888,-4030894173740556091
253,756,1856132013780560874,-3742528329884096444
253,756,758590156379179004,1869740908066104989
253,756,4805587790228207305,-1723297951028227145
253,756,7900480565452918394,3006390702209726887
253,756,-1450774858896299579,6370113148020694608
253,756,4546657399850493229,-7591992004870942586
253,756,-1793450150985002699,-6545100877702839433
253,756,2899325570837647142,-8803452973196085148
253,756,4072772182933965762,-9097240777127391730
253,756,-6307749997676750461,-8687106065325098626
253,756,6255322416392405526,2057693686365085404
253,756,-8581032704794164385,-8971629861694310112
253,756,-8115281632907789131,-173265277156682728
253,756,-141729382359502564,-6161421197466794553
253,756,7165137990128783703,-6871916811236600279
253,756,-2872245124207337847,-4762570937948562848
253,756,-2920071457836584847,-5850082932495666645
253,756,-7434846681612720561,6737931775299743446
253,756,-6172619187291899140,-5085594857272005552
253,756,-8380545076844309307,-1013315605863345608
253,756,6172381602577448894,-100484653977519249
253,756,1628793026996134909,5656921268984538188
253,756,956381587645633990,823477280286934258
253,756,-8307908715878178398,8364572551677936844
253,756,605517023463348141,1610880730533213392
253,756,2385303764765296255,2734288843268590343
253,756,-4920711608228642453,2781825375072150275
253,756,1099392014335838996,8034748288289661341
253,756,-2417241123658690768,-5493580426672614202
253,756,-4306095029166964325,4028014188879901285
253,756,7895761448477420595,-7449117476882978811
253,756,-3243093944114946673,-7566825722211533364
253,756,7708793153306549374,4213010697077206130
253,756,-5545425873600591955,8347111971411517130
253,756,5816471054329066008,-776361131131063383
253,756,-3711210581724904202,6448369242766931266
253,756,-8283655479511989288,-2193611172103364298
253,756,1303125583022581988,-6276134012983411294
253,756,286255414167026996,-2329954561981097917
253,756,-2332687978591903320,-6662279020557177275
253,756,3127263901010010129,-5177663136345317538
253,756,-7280230458523531935,1917882192151393219
253,756,3319868043721524081,5443842514740157454
253,756,-4570744895861509127,-8279035713989278365
253,756,116092816237950425,-6753121786921767348
253,756,-7265643410295579459,-2597762674200514288
253,756,-4540582937504644110,-6853847248500547352
253,756,-6293360028664367038,4117581932502533751
253,756,3431979846165365877,-9037661693636700187
253,756,7767146373851426339,-389149160340763484
253,756,-2627093874375326621,7645349282685870184
253,756,7019313919668433329,5763471933119923382
253,756,-5276291584822685771,-6166796327704268982
253,756,-4040023748297434470,3152060124315620690
253,756,-5037310198049580801,-1177753286769404697
253,756,4697486014010461180,-168902336946429988
253,756,52124358432629858,-7892946372905903888
253,756,-755134265412301350,-5931217147404804811
253,756,-2632760718735953625,-1119904978811646410
253,756,3282730500177190057,-7161620124946501740
253,756,-4938728912725986341,-4007235973547786646
253,756,1208309396965442655,7520638305998806330
253,756,3550766360833317754,-5011555679646847770
253,756,1437780540785614494,3011115951836468748
253,756,-5202546056328780493,832646012210287066
253,756,8896374160715065262,3517722220427631529
253,756,6649471321909149069,6307837308761962719
253,756,-6752965614783590258,8829133492005374659
253,756,-1897824295176435952,-7705847255997361394
253,756,-1966594785289457013,-1243367683420964897
253,756,5690515032740081678,-7978597838235811445
253,756,-9024447628938172828,-3035624165424451916
253,756,-1343393192541014677,-3059865094715654041
253,756,8984755168620999340,-5497105741209011440
253,756,141513665223943181,8221676323806404484
253,756,8261687333293311362,-9018948407012165010
253,756,1083740129870829067,4385017115102728958
253,756,-491901375167591624,2462682631131704643
253,756,-5829192930279333016,7454738502485274980
253,756,6199400934627847536,2256200780143564233
253,756,-7401164558489237820,-309383015939455587
253,756,4986276281539685433,7825483243606119202
253,756,-7410685157060136673,1589919025254235719
253,756,264731056165224522,6281388406412960551
253,756,5625711352266180461,-6503688481919683888
253,756,-5678067488197297439,-2817134910502383165
253,756,-8635808538132233731,-1459637617035049924
253,756,-4336440976059425158,1409800090321402319
253,756,7159764116641504549,6256710036123442902
253,756,-4195245707452150675,-1608505102709336918
253,756,8810299914966388897,2603811744774014223
253,756,-5393044277625643936,-1162212699679568281
253,756,-8414988474989508853,-3652316451613650224
253,756,-4475263332142336239,-5753446983782510374
253,756,4386197287119808276,1558861051019663327
253,756,1108357384662587651,-8230914922702100172
253,756,721669811463202669,-7883113249375502253
253,756,1041626813120093718,5144849548155142755
253,756,-4543872794534009826,-2446657181919582724
253,756,4494461660635000232,8669499312388747813
253,756,-5333864424073722935,7265320116625104147
253,756,8688466525980205230,-1504164006127689366
253,756,-5048801427317029647,309035634413326373
253,756,-4310730690146551430,5420629149874100211
253,756,-7263844814645081606,-6876105023603270099
253,756,-3962672748034017661,-2460446304269459203
253,756,-2105576794587190672,2367505941490576986
253,756,-8522675900914681629,-3422282603707913299
253,756,-429179605253365441,4433036154694163335
253,756,1071805697185648035,1775348786587424061
253,756,5845362101328137065,6054252615878384671
253,756,930257980890231977,3807964156006923869
253,756,-3542296457882406092,-5237344700968595805
253,756,-4273394265516088617,-8265030825515212175
253,756,-3798084196859599749,-392231176366086743
253,756,8249056834351302643,2751229521059083336
253,756,-1541879826525314519,3531351500627888153
253,756,5288317953208457626,6011586091705352354
253,756,6043651657068543843,-2820162333894095947
253,756,-3621936977596564141,-5683185183031611828
253,756,5575152429805009243,5343986607235384761
253,756,-8366406520646291363,-1678717481131656103
253,756,4766464002595505612,1117194427110187149
253,756,-1508457403407455656,-8227631941848148018
253,756,-3032558935242110499,-1131926945659364219
253,756,-8824288408280194256,960987021320854064
253,756,7737531281855027001,-6011353471248707651
253,756,-1837783574926589817,360380628457402526
253,756,-6575717845118114258,-6803842741906496114
253,756,6822033234079437174,-7150600520236224767
253,756,5564993521367958354,-8228337532988360462
253,756,-7455777457787743334,3708453053782366315
253,756,1482483992916902236,-76091598861938901
253,756,1909627055799863151,-5880623612173646882
253,756,-8247095106410841494,-2272735751357675927
253,756,8101153847599438768,7620141708453639218
253,756,-7401476186788455640,5302882632738090212
253,756,5825249493860674991,3768874760475508529
253,756,-312244306132477460,-2056359182799870656
253,756,-740015293916486056,7305176717035272335
253,756,8667855272069126786,-188692612165635714
253,756,4551366280339776738,7864273790071468599
253,756,7504150726284889022,1241218200545329598
253,756,-8112722057588912546,-6994046078527359639
253,756,6092781079119011638,-1040214925735870167
253,756,-2890262510923139622,3524977876297702474
253,756,5307630596194461753,-2506354722111306905
253,756,4284627621856261056,-8798244555168495963
253,756,-4857553773298957765,520758532123540581
253,756,4974610756898450668,-1328236695555503982
253,756,6292641821265842267,4575632227003182177
253,756,6912492723304674743,-6250871094807075670
253,756,8138521666970419260,-5258665084300139336
253,756,1179268267092241525,2691437443243689979
253,756,-6174719087378170435,-5623653220647738841
253,756,2325420625472344183,-3225125993451168041
253,756,1827730440813791967,13261938979363280
253,756,6846132401400765694,3080595198218828344
253,756,-5515927983093979235,1353408069729390345
253,756,6356248299239791147,8393785334149194569
253,756,-4934735464207865664,-3407608634289567642
253,756,-3773911298614913178,-460346495906651257
253,756,2105420489585355482,-5046181400396040175
253,756,3639522181722568957,6202334120916655757
253,756,1918999022488861505,-3679119638511888836
253,756,-4996825851663189069,-2446409113524974400
253,756,-2601003700407312571,2758674903901690262
253,756,529935057318220733,9145757063648533643
253,756,8805803312977021213,-5211338077252020092
253,756,-6234836895333305183,-4619322474169468861
253,756,-8289622625768456447,-1163684085487227582
253,756,6219178410317290944,909928663862936852
253,756,5805664825337137233,-2411872905794814548
253,756,-5290257463628024517,5027590314107187375
253,756,-9017686402242839232,-8848141704248810630
253,756,-35708690502140787,1601043586365356394
253,756,1212367173438290762,1069676266162782449
253,756,8240308076815263009,-5483771926834409001
253,756,-3277788879580846378,-1838113442513521043
253,756,-6529306662823661876,-7265229824417773313
253,756,8866910298372773639,-7282271981388383804
253,756,8609306368592351422,-7593156480307741459
253,756,-6398559085831004844,7792193271188550709
253,756,6415646245792980579,4397168486613221877
253,756,-7276559883488156069,29834533266253352
253,756,5969554956412946231,8499987074930599000
253,756,2644717778396508444,-21196505572387105
253,756,774714135861172563,1818100298808942552
253,756,-4120169238304554216,83455219830481499
253,756,7690460856996268473,8639283681840114454
253,756,-6113434639548866719,-2063382120093112441
253,756,2397360865793939206,662506131590855750
253,756,-3399507576683033956,334679522047024483
253,756,4751729813433091919,-1734076944511690044
253,756,4879717234357622103,-1827746159745308003
253,756,-3321433031459938194,6372887245535333657
253,756,5463204965950041547,-3688273376583162498
253,756,6069944323131424502,277908453903711783
253,756,-9056645912073154208,-2295015986498309454
253,756,-4117194979825825165,7535179215494459642
253,756,-5484908108546716662,5605731126256134700
253,756,869858060519778954,-9201554876900521354
253,756,-7948372830156744325,-4987049803863334582
253,756,4526414793113198944,8977540582831690110
253,756,-5825844438918020027,8692659383199702186
253,756,-6838692183039447924,1764052622147467253
253,756,8099547808536119117,-3143212013350231065
253,756,738266149306327333,4344593246632589190
253,756,8364672264730611878,-5211818076781251596
253,756,6547208431777346641,-7759244255239959885
253,756,-6727717895438042921,6350113593480714200
253,756,-52821664845546469,9032740166676864019
253,756,1791643522968968465,7856992985316205777
253,756,-5657599122273191354,7877753969763185072
253,756,-6008191984905676562,8341528919225849202
253,756,-4609971681569561267,-4313907276895940998
253,756,7017285131122391657,522436172469869165
253,756,7323032591046920448,-7214622208789801908
253,756,-1282980225062674515,-1725591306845619797
253,756,-3155387651063199785,8006332557568173754
253,756,-8764296824220414320,-6497050063257444259
253,756,-4606745495025637699,5905118151947521108
253,756,-436655548911699482,962281245551016478
253,756,-2007905895986709368,-5477475342380774999
253,756,-8077912863344257380,3825728409951779502
253,756,-5164621515426591865,7765035924414604847
253,756,1495866453042123447,6109020277153641196
253,756,9202443961971482892,-5237423868942142403
253,756,1888152448700953964,-8623786292345577847
253,756,-16750560363092176,-4422965485032031340
253,756,1510374854140336718,2565604517580285644
253,756,3923082411472830288,7381539626691206817
253,756,-6850538812092315467,-5863681992815346691
253,756,5138096429276663352,8084889278309771512
253,756,-4513484492023038182,-6715097694796095839
253,756,8193401077307770892,-6202879691366730861
253,756,9151357534595545723,5044215528944400348
253,756,801848473054071808,-9218054160798857585
253,756,8706153862646535895,7221618443482551035
253,756,-7470625987567121413,5077713743749890238
253,756,4795501481520849181,-1683453823105673794
253,756,-1192217611249726930,7232620862172039179
253,756,7998146379203287861,4799130794119048922
253,756,4474207791195173810,-80781837913363761
253,756,-3714323624554414780,-1313225349450700091
253,756,651812410928863189,7771298079391574899
253,756,1411722790247512784,-8117722696719497935
253,756,-8275286567631323717,7368366398290794884
253,756,-3100828803358812655,-4614614944491115387
253,756,-3357319346197162545,5254649421576782029
253,756,8799436650821877690,4884392394730598594
253,756,-120404309367741912,-8397225564781600133
253,756,-6623998139603210064,-2743352271732162319
253,756,-1170967369831562319,4915018678480651930
253,756,-362123952348093110,-6051490487154157650
253,756,-639677871589617981,1254502629974073145
253,756,-6914746331336090536,1992589528355165723
253,756,-5737311461953094084,261082205641954364
253,756,3843048380533373658,-2804467791960711490
253,756,-904527416739743549,1803002095703820587
253,756,-3335238800355929410,-6783444270869515024
253,756,1516332036630704395,-7422982693966791691
253,756,9216961954686203626,-5035711730774113260
253,756,-8466176313627162433,-5684900564586741694
253,756,2728695015957731030,4754307254217313756
253,756,6822064116665351944,5573345282916308570
253,756,-2713466458195167742,-103750571594663250
253,756,-4493098374658534984,-3652932463486691410
253,756,4594007378197156430,9086962943809621303
253,756,-9145708156953611408,-1443481311905120834
253,756,7014833003896978036,2971767256322269437
253,756,8178491849856139959,-2695082654507016026
253,756,-4513954658484435716,3576786904045028454
253,756,7264217106444093909,-1254891147649039507
253,756,-8442149756407713388,-6784450271085838407
253,756,-1623783166115714312,4864866957499323399
253,756,750877253054590619,328748593053294305
253,756,-2782069017946084812,7141088598892644064
253,756,-4069704761655980625,166409627362647013
253,756,-8735532996197122990,5452058478168053397
253,756,4889668441142799192,-2008740151005616886
253,756,-3618703487437354618,-4135533650822287083
253,756,7934998139490448437,-501754870028749363
253,756,7063284873407301003,8287858777721315354
253,756,7776926273507366570,-99898529184976821
253,756,2251365671133560332,4771809817413100901
253,756,4216158162233125034,-843075525519785255
253,756,2853674098533474421,3896613280855823574
253,756,-6545441067351906910,9006147078465865665
253,756,-1226012662637917904,3057207793877388712
253,756,6618796940903393007,-7340441874944077221
253,756,9136268166198885381,-7418298186044101369
253,756,8599513626821895116,-5337394827298610758
253,756,742327738620904638,2132978162212480591
253,756,2775712979327812407,-252912778017288467
253,756,4598472059484218593,-5445125891858280598
253,756,5305207428984965330,-8385014840395621857
253,756,-8801387523663145130,-8733847544308697969
253,756,5389312563376902612,3050190879154558175
253,756,-1806039377576377594,-5651401946234696542
253,756,692866966147813204,5068921222385928299
253,756,4536728717173274118,-2863479240150829177
253,756,3879456094498162736,-648217028541874476
253,756,6683713867700972602,497501449566746753
253,756,2478635224264905185,2986949281577650710
253,756,-723195040870003797,5630962823950184346
253,756,2552348089249880701,3719184503117599147
253,756,-4634162096534510985,1202006336749217818
253,756,-2060289673748181297,2533375730396923556
253,756,791083783323610838,-3669266793158780491
253,756,1798663407922992823,3613910573335942058
253,756,2780464966430247064,-4136017972587145816
253,756,-3772214064508673407,1688936600187529466
253,756,8066363440870284826,9033941391332256319
253,756,5889019262239691227,6331660974118366652
253,756,-7773404760994479037,-2477875421200979316
253,756,-3519263816723338233,-8940508759790811034
253,756,7554022649801424952,-1819012404059615124
253,756,-4547612566195096636,-1032587962037726713
253,756,-8515135264441565048,-1315506189904844873
253,756,-5927740967364805964,-1782309357098313570
253,756,-2128343334007376863,5621628276381786087
253,756,474693545016748047,-3910395815444480028
253,756,-219648283167054256,2987715997298537422
253,756,-5766432750053522657,6290804386052810406
253,756,-6919695414871163355,-2477306643466733385
253,756,-5464553327878658428,3793357024064545240
253,756,2539115276017850924,1789359926266827335
253,756,7331035083735759487,-3804775943424784529
253,756,8888324359752653952,-5121656935093141391
253,756,5070073149295416126,2449625234671394472
253,756,2752768024049316270,16632774489543766
253,756,-6346914664780202145,6853208199821959089
253,756,-1330823457422990664,-180605868479148340
253,756,975869605201113314,8601917767735273225
253,756,5495293044920839885,-9105904557781980380
253,756,-1252797343058877958,4424604565376936671
253,756,-7759189083857629667,4350842883460234161
253,756,8198583983598044205,9137120892600018542
253,756,-1903912023836047545,7547090996952276122
253,756,-265214788096199967,7611601882358616322
253,756,5946813404306102946,-3539852487131350884
253,756,6862822267903727800,-4578356916838486747
253,756,2469662126855359637,7819999829315543045
253,756,-3326387116569889089,4806558682774569256
253,756,-2545541473819296173,777334128931950748
253,756,-6824217916102932748,6317505878458524797
253,756,902176630662555512,-4568053232637333791
253,756,-6627691685825944894,5036318601821496343
253,756,2534557842029013797,6309931174375360316
253,756,6711859065595193762,6520182885552904576
253,756,3120249116501875477,-6257933537703901543
253,756,-1629955016362020208,-6288439542465090894
253,756,-5832168060525651270,-3908644014629570894
253,756,6754510553202995388,-7752422367860767569
253,756,-1324796567688123238,-2681734540924824153
253,756,1625788323987684307,7769916718558751176
253,756,3151353620394078452,-3878973748607960518
253,756,4462318500090115057,4455037836149904620
253,756,2011389406543409463,-1690058388090990377
253,756,-138459452813141368,-8894294569556229721
253,756,-6600434088137036414,-5153831842448907907
253,756,4271872187435532822,-4051435964226966943
253,756,-1841749228589792205,2708898309503299645
253,756,-4425313293134052222,-4286727343441822082
253,756,9074529206253449278,6544688490730383355
253,756,-1763945870780952377,-6109384156712009561
253,756,-6860490016630010068,-1257816730032322759
253,756,-3855487284599921323,-8023496279753023698
253,756,4090853775378867272,-3491968096368725799
253,756,1983350466396781527,2390827594255763921
253,756,450032801990327652,-8740142963797299136
253,756,-662256360176507275,2868337933299963175
253,756,-7984859796475758139,-444090122806121558
253,756,4434021907500525089,8813866691535312836
253,756,-8791812972471970174,494228413996290160
253,756,-5645539471178277410,-5015703868791562936
253,756,-3420026974214321193,-8844928728149507173
253,756,-4819985838873687257,2601447982214193698
253,756,2699325669327966821,-945513478150580713
253,756,2824829838933056672,3955655100231699378
253,756,5404932770648579917,2966034091067975648
253,756,-9144244593230774284,-9641212005323711
253,756,-3116953133030251520,5990675436445662859
253,756,-5872757721577910614,209695427246098111
253,756,-6339598556715580815,846211836940338483
253,756,-1226116784770272329,9206477840596691360
253,756,715241431540590879,1505786291425819982
253,756,-3960619070686166899,4545623513902073405
253,756,1584789413193295356,-3140963682540585784
253,756,3025134136916938908,9185668215453619818
253,756,4813451204641934853,-9154663669222993568
253,756,-7807656053097796384,-3175829736157666938
253,756,-4406381440545693944,-692182868239045461
253,756,-5721581614190019582,-4505812594252281670
253,756,-410632186810066959,-5859355864636367844
253,756,-4391969011569911200,-7741450557683077766
253,756,6590322225272621191,-4916343571392487364
253,756,3408564245314280181,-12398491671794574
253,756,8534994915781194375,-1799943944522700036
253,756,8165353575411718991,-7709843415950394193
253,756,-7600939575347444418,-4103906429407851285
253,756,7360247568795896104,6280791666276466391
253,756,641383823496541876,-6153496062023911653
253,756,944382474931763912,5523228507130329959
253,756,-2385375820745554563,4584161672728748724
253,756,-6663727511640170213,-2376058630638890411
253,756,-3764874320140257754,-4823166309618703109
253,756,880065402129079036,8642731028795052186
253,756,7489598530400804683,-7161865673846796023
253,756,-323176864922347660,9002002387154893463
253,756,7897232736253123687,-7725816094322092577
253,756,3134432541634897718,-5427112678172828112
253,756,856947037315794554,-7292636698955350627
253,756,-4238295467706705775,3075167646037441855
253,756,-1157998766410740174,8805283100305773418
253,756,-7422759868968947364,-2659135759649977523
253,756,-7239647306306247324,-627188208959405912
253,756,-4340700022450344208,-9139898015241282010
253,756,1435834821949006958,4939644703573509890
253,756,5857064029388288534,6496945381850184889
253,756,-7813756544258582826,3791076153480370063
253,756,6115682772697719181,-7777133183930461902
253,756,-7050705399757864552,4094358663888131739
253,756,5658246397859162502,2876426812037560636
253,756,-7929905362480230994,-842398928095406036
253,756,-3316789498950474189,5552309354435688846
253,756,-445019754986419395,-9021859819307899074
253,756,-4512578734632989902,3487645638639238557
253,756,2643253838290388848,5143490724866025905
253,756,7186701842089704482,2764749877663827266
253,756,243381933349498394,-5089454479265470313
253,756,-3293712217401583627,-8598847807244960321
253,756,-7017978911116272444,2230558708366180410
253,756,1145514862714711224,8562583775129037759
253,756,3513922979352094307,-7768019718382226564
253,756,-6487120429349451889,6996663374341212582
253,756,1745398437579400214,-5901928175860685281
253,756,3857650496685443508,-6569881870786529629
253,756,836765031428874936,-790174366004200134
253,756,-5672311435229404771,7218500250176869627
253,756,-1348677854558573201,3054013386633372769
253,756,-4837055188167865634,-8744978656542972034
253,756,5407158624515434810,1057379182996106531
253,756,1097259186143665363,5502760610364819954
253,756,-8625320317851833211,7431918396912963726
253,756,7796180693701622424,2142287510645565369
253,756,-606154258016577860,-7694801996170692879
253,756,1445401450285142517,5385482339598893892
253,756,-7276024304644652140,-5092608052768460956
253,756,2563354499374154115,-6891881631442599765
253,756,-2258485613219088570,7510165244801610275
253,756,-623093779298272441,5592139269393214279
253,756,-4797466442468223616,1098827491461200063
253,756,2617487176697573893,6410777534103875051
253,756,3568257966101748009,4404881749337163706
253,756,5542786679703519662,7277331325270704736
253,756,-7899565921413955287,430095624862921581
253,756,-3849988643824152687,-6087917458937078969
253,756,1831140283955338708,6547300503687822916
253,756,2266272713352117748,5293821772346603761
253,756,-2826036701608128367,-8783518290459138787
253,756,6342211189084909027,6679993157861647636
253,756,2879442908225836632,-2232139072263302671
253,756,6145624863529391164,68761896089041459
253,756,3335852461788653576,-807641033146336105
253,756,-5879810029040402478,-297024698278809345
253,756,2507857060090471704,-4903967966777640250
253,756,-7159237642477710101,-5142668870159619180
253,756,8500241555785807820,-5004561185601716448
253,756,-8247885932255560593,6434123624186536588
253,756,-4038205954708550702,-2891713928786344911
253,756,676827681919363346,-2158926368413412367
253,756,4676804996054103952,-7926445532942204949
253,756,8278096359869558832,-3337084344416487145
253,756,-5716010425046315993,-1391807340235144853
253,756,-7502309880858012112,-6840449365384461546
253,756,-6544290658601455078,-2242802529210935253
253,756,8480417191972826796,1899673412571375496
253,756,-3417242417328103250,-8227235329243388589
253,756,-2522704972389611272,3597792773880244389
253,756,580995076481774583,1347065437260361410
253,756,-1146775960528291859,-7686084758051904649
253,756,749849521409815705,6947103031932747490
253,756,6731259937676267203,1472068016994492378
253,756,-5457804305045419166,6263394698636440502
253,756,-8115151311996615639,-2394626163285566565
253,756,-6274852561206669680,-5640449814984395565
253,756,248058049195163604,8917083156591727901
253,756,-8476070252769845580,6929318492464888712
253,756,8336992068257720778,4822771142729956172
253,756,552728341106026505,-3429909751505766709
253,756,-3667968348916428840,-8631457039918812972
253,756,5030732696321115763,6040933626392416088
253,756,740655533286604101,4259992045126470203
253,756,9213729326926222331,-4070237260347733113
253,756,4266271929146670827,3062736748360044054
253,756,-3327011048511042506,-8840147285935279601
253,756,1838086344069260630,-4649666118779480331
253,756,-8754872955756742343,1484521565311392010
253,756,-949754907719515625,-1691695079661806583
253,756,559037602239531937,-1247042742278784491
253,756,6581426761866662962,-7341699608172403239
253,756,-5886094495885735296,-2559390687079047935
253,756,-8102945199353227498,-3664827062678041140
253,756,4374869924629553687,-4208814638016659727
253,756,6988166027034738538,-5543465084963250853
253,756,6351776461470838812,-4095479652870112267
253,756,-8129885556186404198,3347429578490120115
253,756,4160221948326581166,-4117440739387242170
253,756,345738446875459037,3132933148601406315
253,756,-383134387530611606,-3922703832123917832
253,756,2270743580207983925,3225023712484097136
253,756,-8168488864908045289,-3535963965569927732
253,756,2435294808525819065,-2763455175893445962
253,756,-2896205982163313818,-781086219883581910
253,756,-2695098603761549409,5386799905693316103
253,756,8209641304507802686,6821503372677556819
253,756,-8652748519234426071,9001812620512486350
253,756,8771599377071717529,-1293186694056517721
253,756,3371825685400932712,-6320386090651145670
253,756,3926124055839105574,3409910260172871783
253,756,718446039419396973,1519664657567079563
253,756,-6324542894065944043,8245306086050974957
253,756,1723646333968654175,2240936052747351266
253,756,5607528926224990104,-119010646894177767
253,756,-4364951361403899941,-4799389501514584291
253,756,3657539370229978087,640510084833492143
253,756,-1987043339538501407,-4823863989952680164
253,756,-3835506869770022005,-8118166567517159587
253,756,1907017476624588840,-5670741225225297762
253,756,-7686547367241282873,4695708557208737686
253,756,-3692000270964106254,-4546376972275793073
253,756,3434988396835464360,8843056904473190271
253,756,-3362835527906827450,-6815214722869546772
253,756,7816409445645279050,-5995779794976752273
253,756,2523615959626641108,6096073614996580837
253,756,-2810738127213980356,1979363968806132893
253,756,-6221280452657973657,-7762031088106458712
253,756,-5033689374263312253,453999579840603963
253,756,667884269108590733,-787198421016010014
253,756,4559953493717639728,-5500241087240838185
253,756,-2025937900729655588,-2629934691635298237
253,756,7243974441140559268,-1202859631983364458
253,756,-3716808949994639020,-8723987208635573592
253,756,4005565701481257991,6331282615062963099
253,756,47837103615109499,6503147872359996811
253,756,4623670166952074248,-3709888498654512947
253,756,7458991318565186275,5499400447385048036
253,756,-2924742250431626984,3026035838313617233
253,756,2831835881175814849,-8812368446379205846
253,756,-5502018855510162447,237661352644061785
253,756,1811616820156836168,7438346661796547783
253,756,920876104079979299,-1471151906663309549
253,756,6269810371937923063,5368454076621844330
253,756,-3547029105653919825,3236507164655342216
253,756,3624213187932570342,-5528086540897951666
253,756,763115857913847310,-3803908099248115473
253,756,-3938796813012148306,3413532665731139613
253,756,5731033766965342363,174728332915961700
253,756,-1708685458249726581,7888127911596982467
253,756,3625252352519218410,-7106946108438826718
253,756,-5657198892868313216,-403424835517073020
253,756,8223405925134887845,-8690706590347664561
253,756,-254654215373443435,6058973133622634365
253,756,1127470247334791884,5544596619335044813
253,756,-980935236287835304,-5324581429891586445
253,756,1720661273918036218,-6481203761965688304
253,756,992721835660108620,982496044280423105
253,756,-4989711265435630236,3134451189234380687
253,756,3593854180776749688,3112394850629351688
253,756,-4282270921484913298,5789816124327254363
253,756,2938764916876317044,3892430993267700182
253,756,2389093190995586909,-8851214956270691649
253,756,8880018977443588478,8369314106322133517
253,756,-6594426367281124740,-5545793646146396240
253,756,-8588937660518727205,-4595379281961819107
253,756,3176920269801041432,1537392353080736466
253,756,-9130503698086714608,-9092193428023745007
253,756,-3339819171923217143,8290509745792426000
253,756,8609693662275714544,-199359052232561386
253,756,2510446302923483926,5915800630884086967
253,756,2426261288996124923,-3819433210276500633
253,756,-229716656954135599,-7718835565037415661
253,756,-1446588998783493657,-3191302887440806456
253,756,-2183959928581308491,-648819763639143630
253,756,3901345589882018500,8855749249367994704
253,756,3653950486467784553,-3354433266787776671
253,756,8590588414897441284,-8520292253680464151
253,756,1812801088690632582,5907985478977160070
253,756,5874793075360633565,-2413286785488151483
253,756,-7066382060464584415,7183933144587256614
253,756,-5685229992574737114,-7766582993242562090
253,756,-190185063514415095,-8396902559699467664
253,756,5970695006048857567,3824303752629212963
253,756,7328634194758830037,-9164357991702701272
253,756,7322179909801871085,4502340303265338297
253,756,3484370864644253152,1832051107135619754
253,756,-9140722489927690895,4620444171637661548
253,756,-5119281400939159346,-5198347280150812730
253,756,5501535653903724301,3477041570921043351
253,756,-8940733889721583142,-3927476806078272915
253,756,2905438179840390870,-4049180189206982241
253,756,5810290126528657347,-5040833462913222288
253,756,-1465141050510210282,-3214645540026788935
253,756,-5831050204637618835,7357091509403169387
253,756,7430986773113170299,1295173498451997541
253,756,2641424746112957121,8159611950095097964
253,756,8890987574710885063,3196437725103816594
253,756,-2180570436522746722,-8666936244133352657
253,756,1835640308052963386,615549905756226680
253,756,9036480813149835752,-6772570454954211235
253,756,8773976757143555800,-7970017752121547294
253,756,-2989445530957894442,8498015352026515236
253,756,-4211005797178656736,3921803002611241255
253,756,-2018954392022156501,-7238804864461375734
253,756,-5793772511168819403,-7150388271811400629
253,756,-330713847397343359,-2843860644771908548
253,756,-4362277447956138725,8296290901525220422
253,756,749037065692860943,-3692303206869523399
253,756,-5468330109068151125,-2704819446754910732
253,756,2079777251350092564,8552094459875619829
253,756,-2799776613538465387,970545888911132620
253,756,-1691285454430201057,8178464928191295970
253,756,3566559089815247179,-7582255353535274295
253,756,-9171519801463249987,4279051073839628103
253,756,-773580852600289834,-8275884972886563556
253,756,244651785236164824,-7541711940874033027
253,756,-2905013572086069227,7381845160093709980
253,756,6974822391305699198,9034427190707166410
253,756,-4136625218544810593,-5569026953407993975
253,756,-6986475182770517713,3511814708497257406
253,756,-6556547606578240524,2691336037384594836
253,756,2396985624993181384,4332760348169473130
253,756,3261985526914610023,-6396079171629697575
253,756,8787215237421148269,-6777096312706227730
253,756,-3744947810733432580,7276944730991182585
253,756,-8036007711306633785,6290575899452141677
253,756,-5786894721857342038,-5251604121025798952
253,756,-2677991630949502002,-7569671010730031587
253,756,4673211833830164391,8487292090111018152
253,756,-7568699384951091183,-7581867232221909027
253,756,5748082128051546205,-5484272039655327862
253,756,8031069536643410140,1117931299971373333
253,756,8903183105364392767,321702514137254551
253,756,3123887805869017935,4020683320287964990
253,756,-7539745016915051608,-6703341904734960352
253,756,5972902628192409121,-6529427119666443557
253,756,2961138978755191528,-1102751301879347080
253,756,8002876690613101714,-4947570436862698015
253,756,7140846953058922529,7477401540816758011
253,756,7645801684682675110,1267201405105185638
253,756,2793325198541485007,-8928120356564761298
253,756,-7859125474300846938,-3585705846553775333
253,756,7397926257056724185,5374101661871237833
253,756,5779733681227260845,-3493468962982933290
253,756,7478498468223893035,6078680995495539495
253,756,-3456555749481885744,592154147280340229
253,756,8514282917103231163,-1169541517070784415
253,756,1817304560677951785,7227513357857055744
253,756,2084364085161976814,-4873906950683439980
253,756,7146916807346903352,-2821262667934414259
253,756,6080199429241739724,5171031598836113199
253,756,2245131582197259768,7945896311427339898
253,756,6950201396405109291,2096619089609593709
253,756,4312802869605342732,267507776948357570
253,756,-8069069755592259941,-2526910451793568154
253,756,-7988623945578407334,8313684336994506058
253,756,343097514601357667,9042924875094307507
253,756,-7248397254651355457,-6622622196096370397
253,756,4074831093647110934,-2274415138700799752
253,756,-6370700842620985972,5482799046489300132
253,756,1021404485832871933,-286849768991369234
253,756,-3548540393784085827,-5306247838772141010
253,756,4756238151214648125,6536309009996408131
253,756,4293929510044922363,-8625950012282128801
253,756,-1891372237341411405,-5135764267223914503
253,756,-5626154149249810710,-3013193263347639133
253,756,-3064797595584134705,4040746371613620498
253,756,-2032592530003198725,9083732389216356692
253,756,-5539969427346136950,2701378457661956422
253,756,561471242667314202,4292927505415414459
253,756,4781435232945890094,8951022831547124424
253,756,2403346365522724710,863966817182032569
253,756,-8591410920259740004,4660055486337565345
253,756,-1461224804227305100,6461798297163705456
253,756,-5490394505698786068,-9118796343828797432
253,756,-7747436581600495838,4403694845939768707
253,756,5801889275317467812,1750464612789448176
253,756,4152936552652456497,262634609754505717
253,756,-4946416666824127741,-8172411049610580683
253,756,-6472883469877679618,2869986939446488400
253,756,2379345807995646185,-1300759561831828566
253,756,1730899335660311295,-853180691252658962
253,756,-3737484416181286704,-8537700134140026985
253,756,2955970891069292551,-671071317793400510
253,756,-1029735185037346875,-4298421347204167312
253,756,-4434816651383972015,-7195538251227692583
253,756,-4561930294294460057,5766252076482281367
253,756,8238598397423014055,-6708439448352105276
253,756,-4779758718095412700,2908127061696449255
253,756,-398965509116648605,-4852507578444758824
253,756,-364491627802740959,2051589492600987036
253,756,7786544445473327114,1346355171247340096
253,756,-5818790728311572343,7226630760318062927
253,756,1741921477033255911,-7585476262582331155
253,756,-6842124135231843993,-721297107012165564
253,756,6100180166366852812,3189271430972975182
253,756,-61509512609345097,-4283434399975168339
253,756,6205354051075750140,8169400604825072087
253,756,-5241747910806682194,-3505815553894943756
253,756,-7934750835327144861,-2310737283863076472
253,756,5499520182559879761,3731404392036978631
253,756,-2136493978573979292,3655035157838790694
253,756,5436409005259901527,1632563740523061313
253,756,5331641694259010031,-1677744102114517789
253,756,4915933103614839740,894789701021146320
253,756,-1716488270033606360,-5525025853209189677
253,756,-1613893053113550303,5637153048422746981
253,756,2516982450200587496,7527248953967789259
253,756,-8427986707446177307,-4417373735883799792
253,756,4747595908659059264,6454454551330512434
253,756,6247005844187421072,2030844787812798290
253,756,-8607807460922204950,-3923048028952416270
253,756,7341880309688511273,-8619628940158664773
253,756,1464301772237679841,924935181638105946
253,756,-7178171651447456257,-8040386751800282449
253,756,-5362710408127470395,-4829036665339851275
253,756,-601855749229637734,-1285543606050825025
253,756,-609051960430270886,1711469498972588510
253,756,-3759090512671293185,8266258166518425809
253,756,1229113809408717097,5750205825535693343
253,756,2486007724751372355,1903978979104131356
253,756,5222935447921889137,2710316549361852087
253,756,5261913227581434957,5237460544361061499
253,756,1589190392108967922,-6980570105788081815
253,756,2518049155218885836,-4477079243758166479
253,756,5612140469685910924,-6048748359302075728
253,756,7737421850302322040,2729664539886110777
253,756,1800759038612566842,2319592885273154119
253,756,895829831444633023,-2291743183692213292
253,756,-466790636937209419,879313530214068941
253,756,-5314508451448488670,3565821797450617486
253,756,8420556605200970455,8769684782343243604
253,756,-4840388356728957916,2196558808930817826
253,756,7193314949682244672,1898381283275371664
253,756,-6163568702794325965,4410069006610402839
253,756,4952724501498996823,-5840111896121400150
253,756,-8859433522327806680,3527292955819823339
253,756,-5084565132871692719,-5238177053261404527
253,756,5686365132248469781,-5318299445985846304
253,756,6012320937808120117,4859636497848047716
253,756,-6743864512414645889,-8379030866900237829
253,756,-7626523071304850926,6080104181027120728
253,756,186566227209319158,-6147051758221056484
253,756,2713849219024580788,-6204625517322116779
253,756,7799698197557790368,-4138817725256821325
253,756,5900693899829560671,-3312120582814598942
253,756,4549246676008379769,-355468602873387311
253,756,2318202406482615518,7849958437496319347
253,756,7717037257862814338,-5195875621894156718
253,756,268316592793681891,7192117606587231735
253,756,-3166969386863348815,3503969608045065582
253,756,5786403092991784192,-5634471720911724570
253,756,1427216340674483296,2715379216109279531
253,756,4975857340952106048,2410442500902779186
253,756,107516629043001683,-1804004421528707414
253,756,-1613599632476447744,2255021467674966110
253,756,7562123312813538375,2897711762049500208
253,756,730284694785634772,-1002659515513411927
253,756,-1414296472492777750,8926207549388486390
253,756,471060994435688270,4454335021617550809
253,756,2698195890133978353,-1478340004578098591
253,756,2375844621212726287,3334151164799307757
253,756,-2989396205352148800,-4309647795257200346
253,756,3485934636124754261,-4569186464095038441
253,756,3629551464759485580,8152350705661874326
253,756,-6523966953978518024,-2392958733868149639
253,756,8893902304555067151,-8440036003103833109
253,756,1245477486409961953,-6255720300956285057
253,756,-82981592979262063,-3043511507706967427
253,756,6935099836129371013,-8867450857756502986
253,756,117035686438611331,-6145794268127047086
253,756,-565285550089100518,3534070044894724742
253,756,-464544266205982143,5010201215763406359
253,756,-6529571875284145712,8017326203628149670
253,756,7346513008836992064,4786835028708223577
253,756,1103304886507985231,3134496959125372197
253,756,-7125457727717334409,-3341110214235225200
253,756,-3115763009354459273,-7929934172742637457
253,756,-4838773875072688583,-6166749462945546560
253,756,4650811676256048580,-8334056177542364326
253,756,4647477386760103505,8255230394038358970
253,756,-2143182194167686993,918847893660785976
253,756,-8575971372676942714,3175569189373307499
253,756,-7533338862920858601,-147101768978495088
253,756,-6074779794879106325,-1960878478263812236
253,756,8126080934631648099,149942223699696513
253,756,5164732944225020571,-6522759935194134292
253,756,8147622699938814056,-6797220849132111650
253,756,8992201791551340103,-5052818473684132708
253,756,-1974946032848731010,-3860730402729672285
253,756,-3204226984288160630,-4648667774152100534
253,756,-7654148315224113546,-3616151752294042833
253,756,2076134214225931281,-230410142068314837
253,756,-3116000954033283817,-4503742656305499053
253,756,8589980178225149812,452814565439288801
253,756,-1232413500373595187,7101195920386673240
253,756,-3207586140565890692,-4923994108867025063
253,756,6438553628552106202,-1884666451029404288
253,756,-6230968695496384504,-98867963286539567
253,756,299323680959343469,4441706183980333752
253,756,9008016898852097543,-1012908209147966354
253,756,-7176965912980951261,7318968337368087948
253,756,6157730320922340381,6669006551870883273
253,756,5393921051233272897,-7697489304988576391
253,756,-7734909155132139013,4463587987339541774
253,756,-452711879500597249,-8443027981193422623
253,756,4227325963415718305,-5622850211718429413
253,756,-2846801587456549813,-7965907223121966379
253,756,1611938177758794646,4208760925649769537
253,756,-1540387960716233736,-6166089558728874009
253,756,5679502600803965677,399533431421929940
253,756,1434746117131237449,5366991452165032074
253,756,9175316645758029250,-6983885454898487061
253,756,-8548955396537949100,115453947263982554
253,756,-8065927221829793414,7541136843713719765
253,756,-1552602343915531349,7568445845703075430
253,756,-6139484032615881412,-2710698485997871262
253,756,-6634790969713157153,-4399917797002387829
253,756,-2293304525752317940,7203947316199458440
253,756,-3102054621084897909,-6790060005898546080
253,756,6304476478059393194,-2527006943540901188
253,756,6248361211102589576,-5639062410643439847
253,756,2617201501156129953,1603196558264757784
253,756,-7539073232130546684,6390763508215652996
253,756,-603886695903397218,-2324834841760663046
253,756,-6428484792065992584,3520879507022994210
253,756,-7667840625979091665,-3371698373954514441
253,756,9012770889221056126,-3287193763488257412
253,756,-5324404263369919394,3746506385618845404
253,756,-4557796011073650491,4474404641848390142
253,756,-5199318797876830805,3750181872508619958
253,756,3578974794576481145,1406718120805777914
253,756,7602406338967035342,-3478268103692022822
253,756,6452566836214179084,-7740877603606661278
253,756,-7863635062751929560,4100198874361601514
253,756,4811714926288491695,9041255911966346994
253,756,-7414484240690634532,4290629786984011737
253,756,1638435132282312264,-7135973845709117167
253,756,1583728260904966072,-7356532177157915938
253,756,619311042737458761,8827997312808748411
253,756,3201786920801827092,-5610689395807101344
253,756,1605062202944495350,-2036388925609559563
253,756,-6675599595327078785,-9045237629909501504
253,756,2830703571766145634,-7720817383888537200
253,756,800260344369086860,6401931642154422645
253,756,4668323023027392135,3442323606132229517
253,756,5131165892496369640,-6461361661528414821
253,756,-3360327414562969991,-6232511565526296549
253,756,7863433992393805710,7504664469706576106
253,756,8561023514509832898,774091558960481848
253,756,-2369124702140022716,-4906351106649470691
253,756,-9005368390216750339,-1607930727898388889
253,756,48969943220401514,-2215275264301539784
253,756,-8100689063603644274,-6728082381477052693
253,756,1199366910068274428,-2518140422144667466
253,756,-8468556187950728983,-6867792147266904251
253,756,6926113343565222625,-1411097567380660290
253,756,6299082452605591116,2385798757909277542
253,756,2680825564162464627,1230250008889356583
253,756,2888299039188011104,3448744233814110554
253,756,4702194236269844893,7170034749091546649
253,756,4514861129042855482,2923073856995792856
253,756,-8968832197201420150,-3418862086847755135
253,756,-3030124017068091720,-7379623021402392629
253,756,-8311952403788319899,-1038329049611437839
253,756,1168489063907464182,2361106785009536691
253,756,8881762359094344514,-2689442462206415155
253,756,3659645017652998923,1186320765250507094
253,756,-8376220728234166982,-7603912160767348299
253,756,3313880073331441853,-2255352833912294550
253,756,-8797239506911441745,-8859596209634533337
253,756,-6022082190396618457,-4610770182673300853
253,756,-6313279527057550790,-194399175669205413
253,756,7681239977949638085,-3284612581678880113
253,756,-2424918371922540105,-2892749456912584813
253,756,-7431442880048772,7043829520860757946
253,756,8134412066915530246,-7784526121126529521
253,756,1321199118374070479,1525865626549845708
253,756,6913465921897471962,-9102130414418263964
253,756,-1344402148074812040,7355079563685397201
253,756,1903228426811742835,423374873158828492
253,756,4154027029286755120,3962075721457188749
253,756,-1746754000458911105,-2663865131899710554
253,756,6068881799730295424,-1442292846455632764
253,756,-5712005647767554959,7149975807991185793
253,756,-540849917831799614,2121616118825606762
253,756,-3369324931838979963,1714342139877145721
253,756,8533924212926043787,-1511970538928130978
253,756,4218067324120834282,-5157289018181764196
253,756,-8430414921027894997,8481196401344031062
253,756,-5386335632189667350,4829266596440188443
253,756,3291529992496936684,-1780685791564295317
253,756,8459112542825898781,-5933997320308008489
253,756,-5732607715334028753,-8571151321789649736
253,756,2243009221772486274,3103009892251478073
253,756,-8985302113210927650,5806856310575435119
253,756,8975505744084695429,-520850542348162128
253,756,4392680613518419451,6723843465856213375
253,756,-927128074572177312,2358932200827904744
253,756,-5920575359235325741,-5740149702207567555
253,756,6685927811098308679,-5148482915019777617
253,756,-4733796165945890194,-2275560743765891016
253,756,-3151722447002307229,-5440062896592279901
253,756,4671081209602975901,9176206702307333727
253,756,4621453111917886538,5517338499377954443
253,756,-8185024355354588102,7384534293090881660
253,756,9217710153930608769,-6885166434849598344
253,756,-8353361578088464408,5295088380282470978
253,756,3061000714590782132,5324799770634769827
253,756,321350674440472331,5545533276909604922
253,756,-4337526535868139608,5210746060416401311
253,756,2197610065283881526,7496252550954668434
253,756,-6091501588353140500,7179202831305464915
253,756,905753036557783573,8752028771676547379
253,756,-5875360389449102044,4607800289120219111
253,756,-2292013926828778115,7990375805294888307
253,756,-35100395603200151,1455395435851546521
253,756,-3247630520100071809,-3496618395076038119
253,756,3336250093449519699,-7788743175604309370
253,756,-6689978230707326411,-5430834126330075253
253,756,-5032233949803158625,-3404415422356052581
253,756,4055499990156237761,7489609466444071042
253,756,-4058859534614503804,5648428529638417680
253,756,1526135264065821152,2233651812882943425
253,756,-6390840452384771686,3254135365767493423
253,756,-8640176497590365916,-1375312741013762883
253,756,2317366286688870035,870768072828847870
253,756,2024262991612292449,6930006188207909140
253,756,7515818002540035612,-6888497863827616999
253,756,-4415713166491052254,-4823859140298221941
253,756,5202814701060236007,361177646222104536
253,756,-3004465620603841922,-3563924740777540260
253,756,-845193740459681555,-7859659926832523403
253,756,3122625201960869530,-1441685300075673941
253,756,-6182605920487098077,-9165542469128727581
253,756,-7541658009835152343,-7017666839135772546
253,756,1722484435531423864,6970376057294977125
253,756,-5013272865167976154,1403267449684778806
253,756,7229100788348979732,5567612615030005103
253,756,-3187435058677638585,-3906643539591385114
253,756,2008871337259324362,8312577375787519451
253,756,-8437087143586135191,-9018704027526168340
253,756,4180571559521783881,2604194551825307980
253,756,-845888471916481045,7438445334545202009
253,756,288135616143046133,6194650099195816913
253,756,-8309997651522453990,-1956096656807610570
253,756,-6990630035996953225,7155985159048768986
253,756,4183674775983200133,-5497775284011557068
253,756,3379894145290742829,-7126633393965180892
253,756,-4856292486312036662,-4015379431428875359
253,756,-3077127501981221957,8715504567406299530
253,756,-6046186008866009096,5681954947860741684
253,756,4575560904757919720,-7710269376945091744
253,756,688374268166290769,-455729211622412859
253,756,6128552485590277021,-1482161759069582241
253,756,701373735353739330,6634480867317816310
253,756,-8761000031233868923,-3495135953529394838
253,756,-3775035037057218001,-5842888708333276279
253,756,-8005585265051457875,-2070068897968008527
253,756,6657918662168555163,-5717378779852694100
253,756,3850556434385596372,-8077926844587643022
253,756,-3675460265513129964,3405470103759128380
253,756,6890474742258970990,1134386295934652700
253,756,-1980888520375767332,-7151140281894647752
253,756,-1250243845270618838,8856119280880544718
253,756,-2227800896006184609,8404557960614953024
253,756,-6914698680609755174,-7808932074566793989
253,756,-5234087934974885346,-698123417106204424
253,756,-9161828889012937767,1319549954280605379
253,756,-8443988234293922951,3898345410799371865
253,756,-7754286785440763870,6082267276172778024
253,756,-5465144730719762129,-2503720479132443578
253,756,4223178384530028287,-3819406214266385236
253,756,4694634168180440418,-3328933824519832959
253,756,4791605404752707009,4820049604898309913
253,756,-7698512089211486983,-5471807139906694378
253,756,-4611878378931207818,-2702688982656023926
253,756,209750206019805305,4361223684624918037
253,756,3813956570272042623,3853479543907502727
253,756,6828760639585159115,-98120343926228587
253,756,1837354900042820792,-1814113651591492132
253,756,-3496486223905146312,330327078520547285
253,756,-1776930978623087169,1257827983264934534
253,756,-5855103809852783600,-321803515270843979
253,756,6915900885138035804,8111961916991487929
253,756,4939143339887318568,5297025631803051973
253,756,-7512338968312510871,4576602014991146102
253,756,-6618503434639441043,-2430245308602567718
253,756,727869445466005191,3956252077490437294
253,756,234480502195509732,-6103431706141562305
253,756,-8043844661727839343,4804729933356152599
253,756,-7383939582289613663,546242602428569951
253,756,-378169884642231181,1030234911942144739
253,756,-8167162649446463480,-9011380507917297620
253,756,737101853260246497,6147124953219864428
253,756,-7885666116732330279,1849865285525309205
253,756,1527844770664426435,3965864523276501715
253,756,5907020563264454922,-1938224222394786072
253,756,316073420576776404,6951614359530712243
253,756,-2693791283455940724,3519678650129618935
253,756,2794657591047760226,-6851612229861098737
253,756,8232873960744303588,-8133198722891290902
253,756,8574605524305855166,-1706937369225184464
253,756,-3569606339769126972,4171816421972077517
253,756,120535207392709789,-8337314601161897449
253,756,-8805404995434945216,1907242049671330005
253,756,-4578756765689596525,561946203992501556
253,756,-3736709121638650531,1974269319523161909
253,756,2172594619410779097,7180914217998745410
253,756,-4075665576631452283,-2007556896979268913
253,756,1932484666154166279,3087591370881421905
253,756,3883053513526483900,-1580246079235795415
253,756,-8604974929398285883,356145424414860152
253,756,1813041394513529241,4749635605575828280
253,756,-1405438516100646646,-8453354470414087408
253,756,-1506153865667852216,-5760529526762698413
253,756,1593013499582026101,-7053100012349279422
253,756,1790397163345840182,4625469184113441446
253,756,1593529388602500869,-5854471997011579130
253,756,-1372901465584529126,4445053426147568359
253,756,-6455008131840225636,-7342067134504125032
253,756,-8219214529673583945,-1746155987850596218
253,756,264971799177463023,6378065590252708484
253,756,171107474669990686,-2875356175976529850
253,756,-4407131451893267989,-2460933134284809389
253,756,-1253817099305014021,-3764292174031625179
253,756,1444759900029002819,2885471509343479426
253,756,917915688701365922,8176527622334511904
253,756,361244390285054048,1671749601257291483
253,756,8395249527863133059,5794377564736317205
253,756,8320189934211040827,3015800537622994555
253,756,-6596316405045662972,-5099836030316582194
253,756,-7731803069322390983,3210056895071985421
253,756,1526513545843422616,3746179931097956229
253,756,5844566805536917927,6407541197585198
253,756,3222015972031139870,3219957131187301283
253,756,-9039262931244552541,5484101843414933821
253,756,-5626154994676241768,-5815570698390782234
253,756,-5874752523138238852,1489031765007170137
253,756,-5194704672819375335,-2066252847039553506
253,756,213357033832540735,7533792983198613832
253,756,5716461410391217368,593039877090537295
253,756,-2614826128039683354,3889941007456827901
253,756,-5459106134526990739,5633197688476514994
253,756,-2898965881505804903,-5978916893756713840
253,756,-4806133183663485715,7867272770584208803
253,756,-3920872261293281803,-7813953105539801783
253,756,4604922573652158844,992060524174819435
253,756,1210196968366315423,-7823525294511032619
253,756,-6748204794114769810,-201905904923833091
253,756,-7533257515871268796,4728509317828484631
253,756,1852636730734195582,-1489962798899810865
253,756,1552468722344497944,2434318350002901728
253,756,-655321713663484785,7957647995181570303
253,756,-381010698534510731,5002785770570610260
253,756,-5736619157901111734,-1197739145196561883
253,756,-4263580527925972194,4559893020894254425
253,756,-8126730598760413571,-1228444107455121633
253,756,-7059646599794058551,-6164381582661210004
253,756,7780213954071854519,1118399444945370124
253,756,-3360120069041822254,8132824800885036167
253,756,6006155193810311691,8184398082945423830
253,756,-6210057201148084275,5946006085925865760
253,756,-6242409583640997580,6669117591113843739
253,756,-573191468385713166,9127516471533723417
253,756,-5965331675845532341,-1942949259609572252
253,756,-6589289230038627247,-5727060268881531771
253,756,-8928011054065454917,490016662909991486
253,756,4689891771663739506,-9222372392530117047
253,756,-610405674816062985,-7757475734546731653
253,756,9197983517046781217,1526979646810068014
253,756,-4277150929598286212,7162183059665803759
253,756,-8824574859989947324,-4794652674414768091
253,756,-1585728375436034071,-5020734911660109635
253,756,6941530549582842674,3298510615254811506
253,756,6985457441636249929,107500127306359565
253,756,6721950485586014246,5674799484209678420
253,756,1314866990264714998,-1585306889241757733
253,756,-4145276691213575728,4785328965385090214
253,756,-2837558610756197809,-8284539133229576165
253,756,8133171450121077106,-2860735872665679777
253,756,-5299759722380100544,-8062234821303307656
253,756,5946138548311776869,-8293724672681993312
253,756,423709196790905846,1659036411772483204
253,756,4648265944293898020,2112600877611306977
253,756,6598999657652341788,7735290223560919485
253,756,-364030889791051083,-9219480474177509397
253,756,-3910093056314507023,6256479092104362724
253,756,-2932571609169907122,-1330598597317106869
253,756,4252095843097830568,-1299966403793573187
253,756,-5130367842006452277,8395148233530403372
253,756,-2627071638512436021,-7037104751987979850
253,756,-2419203170553993853,640253743254933928
253,756,449462899654132457,-8854132235873397557
253,756,745206628303050458,5755220146634753648
253,756,8158409193126134,9156892684933460873
253,756,834673081676635107,-8260300254534392920
253,756,-4991746288916196496,-6212801947119024650
253,756,7759893568158279034,-8429791864652994066
253,756,8751774965668154798,-5739052233782277192
253,756,2021962693160460524,-3797400161296098736
253,756,3458816440779777814,-65176110789652476
253,756,-371741394836922025,-4199368124368337538
253,756,1960360170457460707,-8204102646467636945
253,756,-3569821754467018468,-2691038772836015791
253,756,5844498967516962740,6249953136121012694
253,756,8895627597292919253,5169940091327351044
253,756,5583177158701458914,-6795398231052214405
253,756,-7628409645628179763,-948593799229135722
253,756,9139556258952196853,8190145888286655149
253,756,7598675402210488004,-4420582410044217627
253,756,-2055787975854466691,360245921322358166
253,756,-4498384055191483655,-4062984794652499691
253,756,8722271498176337105,4895494523633046189
253,756,-6279846607056469207,2895013880139935097
253,756,-3086104043858036008,-2990649977677064100
253,756,-6943243595148076839,-2693749594412296175
253,756,866142451471179536,-5365749170872785037
253,756,-198158859449695908,2425185709551757898
253,756,5042458550754272676,-3711265836554501807
253,756,-5043713483693714419,-8590868254363789322
253,756,8029592265203819323,3999622450472878808
253,756,-5525294530124579541,162323612113134332
253,756,8692117825598443814,-7754633553704649230
253,756,-7179660784066472650,4458593955953030120
253,756,-2335547084692862930,6026680170122466483
253,756,-4573523975450959465,-1595358055992300736
253,756,7657199913761548635,6537014411913173417
253,756,6679092932769385459,7632685495926614972
253,756,7386972116022789628,-8396645651601044064
253,756,7229972028274794405,9131253908865391638
253,756,-950530166217605133,-3127586106960308377
253,756,4007687852253212017,2290102085937646594
253,756,4889025871268173821,6882247304531861651
253,756,-4743610752234760992,557969248408031005
253,756,-3449088166849392157,4935933801523104000
253,756,4338944567655035784,3523138567734569365
253,756,-9126740069705555466,5712969802697435257
253,756,-5357567873081750718,-4765062388818297937
253,756,-3923359590273160246,-1560620570547510634
253,756,-2163029554635764555,2846815000276284751
253,756,-9034856049756333005,-2439778230239804474
253,756,-3007072122033564667,6365355985873074183
253,756,-5367511543992975087,-1275040284676012277
253,756,-6281293018962553804,-850310351243389677
253,756,4954791460913796522,7231901002739683
253,756,-8515550171499428496,2160320624539492699
253,756,245676926320911925,5309738810595293055
253,756,-8259316733251537998,-128205421771633575
253,756,2365773312720276332,-516812138003544916
253,756,-1333682911873766046,-8105241513591467483
253,756,-8332814343888482164,-733786682127972355
253,756,-292553312943082990,-4995089473970880535
253,756,-3344956592079716068,-1824264145333559215
253,756,-1488867189652853389,5280725241488546132
253,756,7842441139791760077,1569828341188143550
253,756,1193010475909608225,6626720920116568300
253,756,4285661358360498423,-8875577019427280515
253,756,2470388066615095484,2651445066783727882
253,756,7146396838440730240,-2337004517428544508
253,756,6752200390727422041,3982229717280260514
253,756,8362114929555147021,3793773145013898136
253,756,2706229783245018767,1876096147847581941
253,756,-7589385206722880563,8409212487847870463
253,756,-3912710554079947692,-8484069070604889166
253,756,-2222136079779651224,6439769539365648119
253,756,1315249918350298015,6594392181281002392
253,756,1313683099801486733,-1748975568579587982
253,756,6083319067922402058,4868124635516484255
253,756,7526831061220534314,-6381322989919842400
253,756,7635825869755339400,-4850871758388285057
253,756,-5334321881504643748,-3759798317446753184
253,756,8846679361993823429,-8871388054968134795
253,756,-4389908912544937026,2545769980935864802
253,756,-2946957760385520197,5478171197914802344
253,756,-8070144214663373763,-2871643224454105800
253,756,-2316736048809076301,2587383069646124553
253,756,4170346778720792259,-1844996596739430814
253,756,-5381032835688337990,-4588571165911033886
253,756,5247109865166519259,2622837833183685874
253,756,4901025724090402161,-3206147712310928376
253,756,-5484917684782277597,1220337061400037624
253,756,8232761025570631034,8478703896490414881
253,756,2030341362095526613,-8958199006611589971
253,756,6734735898731891282,1487220153818610098
253,756,-5549899422362470661,-5772544201895040805
253,756,-3515586374927232371,-90718606986731878
253,756,6811429000151033508,-1219546465791062727
253,756,8860657656053141402,-797660841281857748
253,756,-3144986169273624742,-7953408518941087635
253,756,1655547115546820311,-3971993739505273569
253,756,-2564494867138252761,7015415740154081105
253,756,222452106249483929,-7562255566785779185
253,756,2436637345764937325,2025276188388628003
253,756,-4334874864789804954,-6883773674044800599
253,756,2437950302515998704,4298131811138145112
253,756,3521275883835326629,4759034216258077849
253,756,-5738424244792715874,6222780217599881062
253,756,-1436899834483882771,-754737383989103095
253,756,-7216970701799468418,-6638224948032259675
253,756,-2172045986949395848,-555134844381776751
253,756,6956839399702642332,4700977932964141965
253,756,-3649474497585293098,331039839970565068
253,756,2721640880109583600,6071019017714152264
253,756,7722868561248299244,4813268643761287936
253,756,4197860287582305392,6877106911374436609
253,756,7449547348901029394,-7159641801986003364
253,756,-584997358932411983,-1743755485903769018
253,756,-4182764097664610980,815288232771798611
253,756,-8411701923179184970,4467586349485449883
253,756,6834602748292139977,5476244469469109386
253,756,4876875624281510430,-7083559416662329049
253,756,235117039397342061,-5532790279784603928
253,756,-8335852743089346009,4619401402652298294
253,756,330665168079978308,-2497260789877793016
253,756,4849914191022131745,-7229130690583197230
253,756,6807346717932331723,2302617650284029384
253,756,-5673167268302981114,-6283075446464684699
253,756,-1450452841888074491,4879292104390830312
253,756,2839031359769386550,-4824179687755846620
253,756,-5292227069893677453,-74357362111948096
253,756,-5205124375016052468,-2905888089910243750
253,756,-6746863316358699528,7240697892106558364
253,756,-7879316593974919952,6801337813323952982
253,756,1529508834563173335,8695818276519923937
253,756,-2094293108767940122,4895116969822863269
253,756,-2277496133822237755,2070247263384267774
253,756,-5220800592566931327,870144926001877052
253,756,6086065743098514417,5593583503764272399
253,756,-2487543120025973167,7201978957077264740
253,756,-1440328913543660023,2281594631448503959
253,756,8787092082763182819,1725884022510568994
253,756,-7154167793458209897,8512782140613784553
253,756,6105942850079762753,3744827107524280174
253,756,5272172215994468022,-5550967240836917051
253,756,9168113735512310339,6405086950675896012
253,756,9026160722236992460,-8135739246341196722
253,756,-2097153412073454065,-7049155818730276217
253,756,-8715101718282936331,-6410922375131306994
253,756,8879427063829963564,7277624356237804296
253,756,-1388608028121725173,-3958775893336565529
253,756,-7967114784753910313,-19830280872713326
253,756,5942472767445718261,2255152121919628944
253,756,-1941102348778872779,953422075569451045
253,756,1134320600553508319,3494547597101693435
253,756,-1358561718280573748,-9092492657207925096
253,756,8009795322811782166,-6772382508181008301
253,756,-4650443578176325828,-1906181900259975773
253,756,2995875925475307407,-2687583398489924702
253,756,-1452233675088859018,-61988431958366843
253,756,4785963415115139019,9122628721232573693
253,756,5165118038062621825,6837326535928981166
253,756,-3127331473709918963,-4259850685442711935
253,756,6539592209266420593,-8413901039723891314
253,756,9148978439952698261,-7878697969612676008
253,756,1654763956553848136,-421307705940062295
253,756,5557185374514073187,2630482126303233874
253,756,2436073428682073441,7084889060868606234
253,756,-2024042734638039170,-1732409803855350238
253,756,-7343835939828304807,-395732597580148722
253,756,47339641542306208,3720321728831014472
253,756,1216521878556048536,429198101916427662
253,756,-7868930994606413341,-6398933681556690182
253,756,-5218864799758236113,-2886053927644152451
253,756,-3873897340575987524,914452426616136953
253,756,-4193913470316649898,-8622514480512161686
253,756,5268989616568303764,2514828518568803465
253,756,4926126179126976237,-2733043128834159148
253,756,-8847314145670117468,-8999823754555775250
253,756,3461585594188439924,-974992154872541748
253,756,8657092387171301383,3828688357470204001
253,756,-8064416281805091955,5443318905681311380
253,756,-9023007870006594432,-1632167008347169424
253,756,2579110920058808910,6329143022374516549
253,756,-8270492620712137367,1515403948273637761
253,756,-7973294091157269239,7342772109081456862
253,756,-4296521567969223541,5175500075831965257
253,756,-3244959252391373137,8400645672827844318
253,756,-2786018528489298493,-2643782987150490958
253,756,5075312023538727089,5168419149276038401
253,756,-2340663096746152602,126573561616134083
253,756,8240482445236530922,6910284941966092800
253,756,-6583086326430628327,-7711401751911269730
253,756,-2537908067962390378,-8333888335323120201
253,756,3667113525843194787,9036049658455396635
253,756,4468158265983892236,-2717835328767228709
253,756,-4253172620386311431,-4995774245768692881
253,756,-6495251554144931438,808390313432890197
253,756,-3621210018810880619,-2583330566203897613
253,756,-8501310297276917019,-9113700171497143640
253,756,-6111202895389023272,3148423415173906327
253,756,-1581461202431212281,1479400237548637104
253,756,-5860483233871177773,2216108775441889263
253,756,3286184664439077110,8441792424334059409
253,756,-8232104611652336103,-1954329222599590984
253,756,-4286480553546284279,-502978952164947918
253,756,5895772216101363779,9157943348467306524
253,756,5270583196849099580,-4448582175799116472
253,756,6938836155356328003,6599223663892909026
253,756,-8493127929464920065,-4246375701427634063
253,756,341014244491447505,7005833244703228124
253,756,-7846724860729631594,5799729364278857142
253,756,-8871076782424345745,7079847668472838853
253,756,911769118790679044,6391729697816981037
253,756,-3600854353728470311,8240369968991648049
253,756,5369800697399884372,-4124357509998970554
253,756,696452963222282056,-6772164537018310902
253,756,4450944264462369958,-7323106208830905607
253,756,-5589275132352024247,-4506271946129086480
253,756,-2388100909612731583,8011545529991863921
253,756,8948870907064844641,5263848777832185657
253,756,-8506089539719850689,-1693181318125507357
253,756,2836599948111306429,-4750088856476872467
253,756,2732592635130503755,-5394953844135853294
253,756,3029546954214450176,-2041633071645586061
253,756,7923601236154640905,8804740671061360298
253,756,1014702719976179563,1502450751412094695
253,756,4092921529932179154,-6629156096194011957
253,756,-3488981249458597477,-6400508304725924276
253,756,-7640740838710469086,-7905463239160757047
253,756,7012856090797855992,-3192638791212228829
253,756,-3292468323335608459,703345767345269479
253,756,3248118546959498845,3698998547718817326
253,756,2557590605374108488,-6378615833113205599
253,756,2979779571388494928,4038303584155020701
253,756,-2395369112033533239,-6967670717164860234
253,756,8277732538415454265,-7230866385473196627
253,756,4220651027918244928,6169486845856526999
253,756,-9149480440976618949,-1886414520832544818
253,756,-3226281949263898575,345426840375084908
253,756,2050532873746489767,-8293152483571228656
253,756,-5063353100359082947,4805613431065032262
253,756,4566220400077164845,7377713324132415413
253,756,3788537101653139854,-2371579361928370570
253,756,-2058115869770021389,9061931490232292627
253,756,-4011292643117168030,-4790875455272723696
253,756,6961696814878128018,6336381873575231111
253,756,7395824800570895858,3373170921270270671
253,756,-1171064537831975668,-2214470343628025791
253,756,2264707884300070405,842846153842781422
253,756,4262343796452886668,611131376502467961
253,756,1154712654905710434,-7493267049150573079
253,756,774701504826064427,3297006751569503077
253,756,-4470538018900608879,-4461848168960932257
253,756,2043818456788392312,3027282418045566267
253,756,2757550310537825932,7961588514007994031
253,756,2862327947255207884,-8700266341149711301
253,756,3113078181232707262,6206554978486767913
253,756,-2793643920612804016,-5364600232044716353
253,756,599559396840581380,-7225278328878979066
253,756,4146963685079961329,7844463360217757195
253,756,2207557211214633251,8133255609841344536
253,756,-5653893728692228312,-5906153441248432651
253,756,-3168965589989615231,-9220052494080561139
253,756,-3722344499110169973,-5363130084681755298
253,756,1448618352245468626,-3123276899820472376
253,756,8344324280853865826,-5898275365060889172
253,756,-4147401929347314898,695792762300477183
253,756,-3294589762284374867,-9066908310027228052
253,756,-4624146338252170297,-817873251995375120
253,756,6524396701177854526,-2292024946447858962
253,756,-1308265247290132993,-312019582725244779
253,756,-1413122673111070658,5095541542974140870
253,756,-4240073455201502755,-4095224851680268016
253,756,219383328055469854,2720370475879245221
253,756,955668990375301719,8545014850222047558
253,756,-5650186176011622831,-7610205768783943168
253,756,1342895475777671376,-7116615727188919134
253,756,-2805661415091580836,-6956716412803267202
253,756,-4013863753488385069,7785331612661688683
253,756,585233011233854978,-6607379890933104571
253,756,766211149171264238,-6350170313474583761
253,756,3416937224224680075,-998855037634318323
253,756,-1676565728606085069,8669232034048873419
253,756,2413654174801720437,5736226542756625935
253,756,-5812154535205134656,5183786187894651735
253,756,353463498553353441,-5270705393360145612
253,756,6214422207631577971,1087400180059382922
253,756,1589628806486420705,-562897198765983366
253,756,-7277045856332613886,7995568311119853063
253,756,8931872397817805652,-5069775815594483712
253,756,8649865593210649151,-9018676532160652691
253,756,-6313628615672673732,229656541243493390
253,756,1549561626525120265,-4461348876257245030
253,756,3730612559663708797,-6723505095486186339
253,756,-645488000095254205,3585532698713522133
253,756,-8168464811567772713,3088457709818681518
253,756,4105229945245674773,-5016516256870474208
253,756,3846284091133198755,818926148528953432
253,756,6988440919129812296,4296038061397941669
253,756,1672816111341969377,6882009507135377615
253,756,8647566873392617575,-6923435762619299544
253,756,-6772780202538860883,616015406111294540
253,756,-7464846593425482865,-7370049228276438995
253,756,340500808651712592,7579595494740034983
253,756,8287831176756340816,-7953186291754489682
253,756,2559525591306626988,4687222403322104688
253,756,-1009294830766996914,1519535518698418912
253,756,4099983344358978980,8502562954016353492
253,756,-4614561557423821758,-950367975881857325
253,756,-5353447620958429334,3628458653742393311
253,756,-6373757499764622944,7613210583368990298
253,756,-1482823687314883885,-8204438748719376392
253,756,5807739419995838906,7441678728646097301
253,756,-963323739304591729,-3361167137762128122
253,756,-7872760886528540686,-3704810711059739656
253,756,-8298043734822751012,2992937782088517247
253,756,5436674503509678629,4353032075272468569
253,756,2042121152356573486,9177839024839806312
253,756,-6147769284432907206,79338686688266482
253,756,-3800725908961037269,2604580838342638721
253,756,-2650124994003810394,-8887220679060951035
253,756,5237538500136065048,4342487168756602973
253,756,6286250959678190726,1095048707828165970
253,756,573564407604439400,9177802325692655827
253,756,8914594644620000189,5670831136396692923
253,756,4180976951685498233,5799488498866107859
253,756,-6164340383690402965,7261042345741533737
253,756,2873564225115851286,-6525941679819587005
253,756,6238417682966297127,-6329124353702063642
253,756,2993480034769702443,7856239121262069699
253,756,-7071504157602759119,-4714326762327435809
253,756,227958344120910244,2950149732235568182
253,756,7715478384302519488,-707371855275974670
253,756,4562321773939321203,4466109725502266550
253,756,3703120993251348206,1448097783615945621
253,756,8386050329479747644,-8429311861612923266
253,756,-8418217236479084137,-8091048192604446621
253,756,6967290145338372501,-8705396029690189578
253,756,562669868509742469,5236039744920307497
253,756,-8064593658888159419,8637415520951387872
253,756,700764710990908680,1204642484163425771
253,756,69076822181841072,-2986166087236688664
253,756,-6622649939940142374,-7588002555607994045
253,756,-3453508859937048527,-4204931412071860726
253,756,7514023449902910343,6164501469294945277
253,756,4961320205278800163,8299216087790616711
253,756,-6487037009060035075,-477755632973408600
253,756,-8540210054675845521,-3561746698987156018
253,756,-6095035286058709122,-6141141891141803443
253,756,2674340062044235645,6050081212559067111
253,756,5970952750401275195,-1066362401489601979
253,756,-3380958514244414424,-8609649289564996581
253,756,6766279600915143968,8771443938977522012
253,756,-8457584893193463858,-8662358034191773851
253,756,1420720641705656519,-8960954125619138573
253,756,-3293259656885555885,367447840956197290
253,756,7612934149312437204,-2544664835977992177
253,756,9183537501623627114,-3469026025274176961
253,756,5274784777011170154,970280528747194642
253,756,7199081624808790116,-1501402259271747203
253,756,7677096495645513177,7239173401911410039
253,756,-4188423054932421741,-3103811832926434223
253,756,6847302546039071578,2211903436003154010
253,756,2069992245181721869,-999595305941047816
253,756,-3266095978895501498,7293462337386012688
253,756,-8602216377399565121,6903364983547647499
253,756,-8664562291984036636,-5098206691859032232
253,756,3099001079047608403,6363955251311286553
253,756,2238179842763880070,3061662163955347419
253,756,488052225886305964,7627559604516094245
253,756,-167251528563665138,216410050050619562
253,756,2266691957670486888,8222329349092131394
253,756,68248204837362845,-3403317813409799146
253,756,-1026439939951992243,-5201484349242281038
253,756,-3280496300444711663,-1816063999879073998
253,756,-4837213280765300698,8924517550728134855
253,756,5517135499549670098,4427892076566430425
253,756,-6417106958765611904,5827505679393702243
253,756,-7859018493988973664,-5441032199164006334
253,756,-8118279922883920212,169112653311512324
253,756,-8582168126851756832,7165742429603373824
253,756,7871762477071383328,7543570276528228343
253,756,7238883845879705382,-7519664748328120815
253,756,7379314479667621169,-4245503500355470811
253,756,4553190772756894385,-4481568786842928307
253,756,-8258235566404972460,1221978835395352156
253,756,-6443624549164198220,-1656142250420054224
253,756,9206877642484505098,-4874035963240403507
253,756,1728657704337116941,6422520242155648519
253,756,7389363980342831775,-6260390389455596562
253,756,5676303074437739694,-8091350741590451028
253,756,7307747693178533224,702509127587066446
253,756,4314092148475628705,-4639961699562647063
253,756,-8723476794438041218,-7671919430208221610
253,756,5175142754290926886,4317461153049891262
253,756,9011284427955798936,3699376409401952041
253,756,6647109899415139411,4896510446541944669
253,756,-7147323709983626634,-1652461436767368266
253,756,859414686946734588,-4839995836049940173
253,756,4954148441671323643,-409160719854370771
253,756,352991295449008644,-6613228876209818047
253,756,-7954560086054685873,7472758219783412350
253,756,-3204444694523266316,-5431408616501038081
253,756,3782330553905148764,-3920655783548600300
253,756,2467819591252615211,-8088589990568485710
253,756,-8920040713960954143,-1069114954034277519
253,756,-8612496056815169550,-2128522653124657649
253,756,-307845280670574773,-3730442717352491782
253,756,-5136576164035362796,-976885749714825399
253,756,7689229116253809104,-2651411199174554706
253,756,3850388271649053817,-4209823221248957180
253,756,1663717014181364249,-3041732597961708560
253,756,4130588096424832058,2425558469796153600
253,756,5614083725206347627,-2192118291221980546
253,756,7307926397502182242,-7909025138454987704
253,756,1566856466357771061,9099750816487495722
253,756,1260363861686117108,-7877672379695828951
253,756,-5880995518820905189,1448676817726760974
253,756,6122133691368551658,8374190517567481203
253,756,-6730199259261578752,6171390495349933164
253,756,-8518989724835780710,-2002639081272299095
253,756,6567334711176648534,-9006550013937702546
253,756,-770332343383909200,4595273017579042154
253,756,5907389752167112750,7066211472845487554
253,756,4134458473883366111,-4571648840440375491
253,756,-1744422145636428508,5839515229011788455
253,756,-3468263626386918673,-6809149287885881627
253,756,1469193115458276375,2351346452735735088
253,756,3974503374455624695,-3197641052875738371
253,756,2264394787875059634,8988891225948269478
253,756,-4487436834819154666,-8234288658819912928
253,756,4870105155717095888,-410576549231711766
253,756,2645885156093051014,-4289761663487560101
253,756,8772339936469153869,920102959950636191
253,756,-6961291303470048606,6861241865706703443
253,756,7541889238501805385,-8703682861895162446
253,756,3973087818441814913,2817242052325544070
253,756,-6614730881389145288,-6546065895695648435
253,756,-3622097650206962523,-1943044247427594713
253,756,-5474587753026039715,-5905432603913271271
253,756,1340214285297737040,3337850122686536011
253,756,5999373383490900494,495084909739160000
253,756,645219101633569817,-4581028876864534026
253,756,-4360982123674619859,-188519342468640687
253,756,7118950772784306852,7617528346018919832
253,756,3705023861889413378,-4635112373666955386
253,756,4700008967801708748,-6611980375026775734
253,756,8547050999748377005,4044074748271776287
253,756,-7347773528287199418,2228260772618482793
253,756,-5195020974874822219,3010816490356035600
253,756,-6352358383714598259,-5009182295310275414
253,756,-4030113727234843318,7197501681721570240
253,756,5820172032734854040,-2704925245910529266
253,756,-3079719565952299727,-6447434155951552552
253,756,-3762898205455590711,8525961864761436126
253,756,-5113038024631695957,4270765490155259163
253,756,-7169831180084087044,206717654367475757
253,756,-2200697014439838290,-5894931503922733978
253,756,8024843498082792056,-8042341335680877325
253,756,9161738484481771855,3385222367782596425
253,756,-8103783266726594227,1509180835319016608
253,756,-901525157383049047,-8966901765665588484
253,756,-1334773231320914690,4252350712116571742
253,756,-1865361829829849273,2641250308552127610
253,756,5122910852326649482,2684087123235709288
253,756,3673848428161803388,-5532984549536107957
253,756,6811749970294870193,7787583254823776586
253,756,-5292638321275390593,3323174778331663477
253,756,-446296488882827480,2012399913986480114
253,756,2726707702581905860,-2634081129835869614
253,756,-5941694357414020876,8280590206361345900
253,756,-3901325291627603064,7012168718442423615
253,756,-2550028020193355314,-2003991772681740656
253,756,7756619113229411600,-3553728752885823488
253,756,8780226150673703781,5886410510405275615
253,756,352368878107069236,-1315047701841032009
253,756,1342054329859730054,1218938478706076173
253,756,-5423171220928694357,-2827148291844322587
253,756,-1048133487736161842,-8021589655653700029
253,756,-4548497488928345630,1794968091371162543
253,756,261201543202214045,-1447537415710334041
253,756,264954458047500898,-3600783073379819108
253,756,307177483400942485,-1543552331081133483
253,756,5350349133564369051,-4211499183413619205
253,756,3098275251410693985,2000602541800050448
253,756,2521953105663431722,-8356456069194809863
253,756,-8284451576023552371,6322687091326953117
253,756,-5991706069301715108,-6731476409344267671
253,756,-5779971842613370039,-1692593971420393276
253,756,-6258891533608324767,5612114426386574991
253,756,-8572797165817814771,-2631182553695748516
253,756,7706981469848346525,8833627196711699881
253,756,7313565646541962978,89381723355545239
253,756,800883730881510616,5296529246153091949
253,756,-2978687296891431470,4364868745773267754
253,756,5794536764395639583,6714187941628294965
253,756,963268316718484559,8321176083833939838
253,756,-1082429239850924464,-3829392548579966687
253,756,-461846812012321960,-7243848420255353468
253,756,-6969911063785328417,3346214491426277696
253,756,6995319764962289468,-4136999155692742602
253,756,2102357775245324104,3614433096317027187
253,756,-3253546047863945455,-1552703537532683861
253,756,-1349077314772916929,8055203357605712520
253,756,-389933792811528978,3305301260235974167
253,756,6702290412216345392,3606714628488103051
253,756,-1632318407100029184,3903789767764286809
253,756,-7994005577968075036,-55540412263242247
253,756,4847360889744810854,5344563793325032931
253,756,5858168847854491518,-5577607800484928847
253,756,-1453736716806346562,5775446258995578002
253,756,3730049533148443391,8245328056565925661
253,756,-5017443191441250139,1232023788261013294
253,756,3695478125134181850,-2724571215961879238
253,756,7500845921360830297,1955307279742632242
253,756,-8672112719271570650,5948666466835075069
253,756,-2846527291001172592,5972650891909494087
253,756,5495000780570237809,-1275294404644705329
253,756,4012354108444348792,2054767456959977069
253,756,-1508870609331705065,-6993194065334309909
253,756,-5567756689648783494,-7072076686186021520
253,756,1276892949109581441,1710829865249611426
253,756,-1888557100814320978,7413109314261115082
253,756,6108767865889417252,-6573858157640054542
253,756,-6858664992116579090,7613086215341841038
253,756,-4469192885036756825,8415440063914028405
253,756,1936200473017098989,-7569508464404011877
253,756,-20336151549240784,1302763025954260731
253,756,-2450139867493298394,-6967148574062357241
253,756,7047294587317898955,25094440121572181
253,756,-1160094302883581632,-9088893193413469823
253,756,5960814475393938355,6156338953475579805
253,756,-4083108399624120804,1733515523291220303
253,756,-6242212472973812968,-8576589114577878531
253,756,7139673766433806980,-6363796580056856733
253,756,4614563332338709444,-7487932838741166516
253,756,8858654844108941061,-3525312666357992564
253,756,7305495991704655232,-1154103887067917421
253,756,5196991375593673243,5565568033815306955
253,756,8039964778975539257,-7838449529999725242
253,756,5539349388996834178,-1436951383571385289
253,756,-7331874135952271232,-3959380506149413633
253,756,4698843610503324466,-5424517505122009318
253,756,5858399936330772704,-6741821653316839361
253,756,-5556587597146474666,8235179993488680549
253,756,3474816740727833320,-2370762721966400622
253,756,3626686711405100052,-8192184957326119223
253,756,8139535840781763620,2813635265251614045
253,756,2396946285058757175,-997623311542823750
253,756,-7282821767936741455,7053850606705372458
253,756,8597477977022557075,-6374147943024061057
253,756,-133884028274383146,-7381595759239720827
253,756,446435366505580019,8512122203679412004
253,756,6293977509593614308,803492966911687314
253,756,737518127052130699,5687680861936796997
253,756,-1485940898667661379,-6537786567806165729
253,756,-50265769307610815,1262498975764732138
253,756,3088047936020125488,8593601045993142690
253,756,-8529268178259278433,1806251678693614335
253,756,1593523468603631235,3581881955033544896
253,756,-1722341737019110669,-2561797277076394758
253,756,7646349527680892776,-4367984185713478671
253,756,2315415560724678845,-2937774170591548817
253,756,-6324879038387549610,4999034355032681148
253,756,-446581547195572047,-5758635449570734985
253,756,2142902834157150515,-1028673744660969424
253,756,-2747461290645243084,-2185019940109147387
253,756,-4388624511298251306,7312693549201330999
253,756,397202639094244504,3905813876006195900
253,756,-4651907725084513099,6752049445014047781
253,756,4810167430659148717,-7981671443779300392
253,756,-7996578163542088647,7285947640710356146
253,756,790380237673326119,-9035711669999653414
253,756,5813081391961818574,8666360709597943678
253,756,1075146119044272427,321478972149560461
253,756,4062166403561927732,3302903821755215539
253,756,-7522437467672376465,-4354048172614633609
253,756,-4020502716823855358,3764699819559304417
253,756,1885839494814853227,5232745837613948075
253,756,7526731945768372990,3978248778040990111
253,756,8703984524004931443,6283697596521302117
253,756,-646944646173528873,-841580929807093822
253,756,-2671096118647001903,-5501583158609099226
253,756,6410856315024778138,3644859979450294813
253,756,8494679497260317918,5172203195204918636
253,756,240968290433601752,-1585431371177883293
253,756,-156359023489710656,3594104147680527480
253,756,4067373384626615654,-1028693171751454215
253,756,-8626430026568374965,-6973799152421597994
253,756,5817010940112411555,5176115198926824210
253,756,-6990964924499510912,584982963458647180
253,756,-393906311147033835,5859308687663474841
253,756,-3773789860765249673,-8600412549449913942
253,756,-3477430348418802513,894352875852262064
253,756,-4764105011191158866,-795900491168428870
253,756,3998036009067872941,7731942841571180373
253,756,-408904894615506621,8123938349038143393
253,756,-7052374271092222618,5698391707091874525
253,756,1475458139575531592,5259275034702165907
253,756,8857956730172617971,-8853047237353045978
253,756,-6243441621294532744,-5791866476197003342
253,756,933918656004158136,-5364209435392429507
253,756,6372653989149867719,-5960053976549402288
253,756,-2237032804978875762,-1533265991912950517
253,756,-7789225201032138165,-7741559935551928731
253,756,-275737291314531229,-25779430163037810
253,756,5109981960929334435,849291103303739366
253,756,3506752036413098311,-7532892828644169781
253,756,519620221454903477,1245901672520948139
253,756,8884169165761776720,7957532572928850925
253,756,4162622205520504586,2199501817099783907
253,756,-9203654016905952731,4633540144678345670
253,756,-6824426522076123570,7051232990582456367
253,756,7287561205238923438,6810385451441275253
253,756,-7392195386129130137,-8226943269468400676
253,756,8185020059750561329,5429752787939989651
253,756,9054742223769322613,6310628996551460332
253,756,2163751243000631700,2386090327359633097
253,756,4221450664756236666,5724172197324217269
253,756,-5436612488346351396,-2435718663741720713
253,756,5347263799098436873,-5319147560103330081
253,756,-1389503074475376409,6716977916443332201
253,756,-7875781348375851595,4042466322341892105
253,756,5106856961373031515,6710756423585329961
253,756,-1148884311501990241,6351670768248127641
253,756,-115855861763778872,1196371767831643733
253,756,-202598218488786972,-9110284073751023823
253,756,2385207328765727521,6651192458636236599
253,756,5160122069959206708,-8066305023822162939
253,756,7089320159991761003,134524750860975286
253,756,-6609746447957444548,7538083742364356976
253,756,-39990277013470661,7085319236033894234
253,756,-4326932356803791351,5734940907303141549
253,756,3933069258821177735,3158106138031114137
253,756,-3004957075685273920,1766947654392981279
253,756,8833702909081365322,3299854063782793088
253,756,-1296230682645443946,7437072881261916014
253,756,-4794137081302205187,6646069248235928982
253,756,-3375201910671346239,1089472402904288533
253,756,-3588293498329847303,-1343841428448721497
253,756,-8909937578562243725,-8953195788858987425
253,756,-6245318183723070411,2239855711298586525
253,756,-3279596849296613685,128377961072963279
253,756,9092315341272882049,-472574919538268734
253,756,-7969155782942742266,-401189063656467863
253,756,3448422253442242024,8060887228664135025
253,756,3202057616199070309,4470063843524049391
253,756,444676562517205635,-8203258949839803060
253,756,-3341190383281138135,6168472328625785986
253,756,1976947696433414003,4823762470327824854
253,756,5277237248511685554,3859166606291266577
253,756,2395285002803171937,8179090854975861262
253,756,8504078292741029782,-2221563177205471601
253,756,6124044053129374372,5245816847219714829
253,756,-8668917803072494360,-7189642484636630556
253,756,7214371897297675607,5532527777915898925
253,756,5875386655499338087,1569108585827397065
253,756,6718163416581253192,-4807370863751270000
253,756,-439953206961323571,1248338053466606139
253,756,1901070559976943513,1253795215474163887
253,756,-2857593217237887262,-8015252362222064396
253,756,-1114980253990473417,5772763594319310547
253,756,5451468047686075940,-7278775119900674320
253,756,-1604935817529169758,-948635789073895583
253,756,6036231347983031314,7596402811846409156
253,756,8519654373771720124,-1457717145596652243
253,756,6332188839833743596,-6823403058310612714
253,756,8534762968097566652,-4673704035935728006
253,756,3206445930524841234,1769593018119251980
253,756,-4927986578134071800,-7533591528803526043
253,756,7858255970056415140,4894484805495773289
253,756,-8347384745132196823,9050046910141737015
253,756,6531424702334864523,-584205816550526661
253,756,-5703475454993510599,-3487718220453972334
253,756,-6849607902434193873,3989511214027316107
253,756,-7701905281578175108,6649955701721724175
253,756,2528597618622042990,-6929229000344377635
253,756,-5380007749380491390,8503641112201367330
253,756,272971816375487570,-2716833655203443533
253,756,2373304080865418870,-8935744076614462399
253,756,6430835984615676326,9107598189033181167
253,756,-5402544774841449269,7085563672978588339
253,756,920844116048305411,2774450754970899632
253,756,-9096702335776997080,-1088711233902905396
253,756,8420889365097401762,-4459350514518866065
253,756,-5005044858059562107,4166391887620463033
253,756,-5265150066100455727,7416266373045479557
253,756,-6802943357538688073,-2450215371915523539
253,756,-455093022889525266,1328604915483534130
253,756,6349581342634814740,4339665476507558224
253,756,-5786874088046997809,4824143510216863232
253,756,1438010935482652034,-451468018008900550
253,756,343707045801029053,-8795091999396396180
253,756,-1889990365349535242,-8521096942986584048
253,756,3313441427838117530,-3689888015697664056
253,756,4546720739210593035,8460500430859805172
253,756,7255140400615194874,-4972971377635937677
253,756,1774537842600192007,-5781725725063219148
253,756,-1958518343418101806,7086186206569998074
253,756,7840976787864689330,-1495142540836183371
253,756,-1367405556506880483,-7456943259134587099
253,756,684496126923998834,4856556938204367271
253,756,7591816624062578429,-1662182527386636234
253,756,6124700886823170121,2351224473089981636
253,756,731334508060738473,-5549229178548312065
253,756,-6365300860981845410,3252850173486441094
253,756,-464104168443831317,-5301771771428154171
253,756,3135696496751669345,-4263159488481234624
253,756,-7804113855177871475,8637859794435701215
253,756,1856097412352651548,-6392599472691094699
253,756,-5096426590735063173,3910091507403890077
253,756,-1648539899088446036,-7405876735274135587
253,756,6458693916615810597,-3056288620460932351
253,756,7237319051001985274,8977047622126615611
253,756,-759114418882521291,-7073693969942019393
253,756,-6236165901447600035,8063589085287748179
253,756,6869660048551492613,2145280059150937602
253,756,6706476713130785960,-3849801536724541848
253,756,-7136793375779985542,3773670304891939721
253,756,-7229365077840955502,8986069938418246544
253,756,-6256754787317432802,-7092703026006381854
253,756,-4070209815012476439,-120673063314148524
253,756,-8689753929072246305,1295738616516509888
253,756,1548708784182746469,8431843092299154960
253,756,-9134110274432521104,5892568841800429813
253,756,8029918825865333452,641302114199134638
253,756,9194281205450104774,8778298565780597039
253,756,2561990827806250909,-2087083727740642605
253,756,9098931798364444625,7424620145734104772
253,756,7119539384679382017,-1306286564089199010
253,756,1426364674995177528,4197923927845144016
253,756,-899701438381395573,7189468280369165247
253,756,-6704778890324784365,4019173504339003865
253,756,7090755581348613720,2793386569514735922
253,756,-6113571511906884789,-7068870148535256751
253,756,-4581165279867958736,-6690239434048357923
253,756,-430883611958774963,-8707776513469576168
253,756,5106021559203302496,-3542464156949059882
253,756,1053248244563710686,-8952727936335721048
253,756,6912816762675578527,-6906991526541747094
253,756,-4082369148297512090,4661478777651795735
253,756,-1844631662268267698,-5335376094683917819
253,756,-2881081176397683848,6633637308114473316
253,756,-3172244943157382222,-2348578919994767702
253,756,-2482376928616064226,-4924566595404434391
253,756,4367786832392171309,4178286958524462937
253,756,-6363652100730834831,-4120435195042203433
253,756,-1581329634735317412,6671973796982281058
253,756,-499600379109103048,-7146788572175820016
253,756,-6335548691567725025,1405208606293839038
253,756,-4034884217271131524,8678268746525466047
253,756,774207732306738833,8270168469810295212
253,756,6855829500036552854,6166698690257570353
253,756,4984122112562474450,-2901307419446383971
253,756,-4922103863377204533,-5801053779552159640
253,756,-682590775271330748,6425289872758110043
253,756,9007009305148590991,-9117461457220114382
253,756,-5510471721944690455,7370385485491388700
253,756,-1082552272853556731,-6723178994727615670
253,756,-625081704419684056,2983916022051268660
253,756,5584264462403287784,-6434150277915807846
253,756,-321601360886275246,8014920678037513301
253,756,-6704501102129122237,-3788460620648333760
253,756,-1200154196975998189,-4768503856314541948
253,756,-3548403633205709003,3918480253333139531
253,756,1036477942596235793,2056240692219965951
253,756,7703669694722929952,-8212342097176229803
253,756,-7311948491409892571,-7503947086800786700
253,756,-4266096066248600798,-2636754039457829159
253,756,2658885554501952195,5127320821341036691
253,756,-3505099648260094013,-146406595611521946
253,756,1727174624986209059,5832008164886553346
253,756,-99086177013854071,-4005031030035867762
253,756,-45606035589520811,-6495632987377754652
253,756,-8782802532606437801,-6944009194276786368
253,756,6255593364157446609,3974801798388535770
253,756,3023458876485820245,372795466133919620
253,756,3888918565261129322,-7938744782870549059
253,756,-3353117743092476283,-8456515593639875093
253,756,-7692782133129343136,-9035632847191985279
253,756,3931203716419172571,-8849744770378708865
253,756,3088960602293351648,-4658287573531323979
253,756,-5525522936447854299,1757439998033584988
253,756,2504384357604716139,-6853782160793003822
253,756,4313251872759127118,1950639843204086144
253,756,1551271723916060420,-3525616365838233147
253,756,4659225585520910790,-8973056008516803020
253,756,-4637000004130399593,-304635561930051426
253,756,-7924808119944750474,-2526561761157883585
253,756,-7777336369732745163,-4506102392354832797
253,756,7465989968890974096,8239696290733904139
253,756,-6710184774417364449,-5507258732192154012
253,756,646979242923794837,3255889257643872237
253,756,5641505823813064341,-614024208636666363
253,756,-8848223783613772218,8341045340228354097
253,756,-2897700353920240598,-3966616070696279715
253,756,-6400637563164980025,5946408951974264062
253,756,8755831214057305877,3610039419962447840
253,756,-3978074791151931318,-3115251350115597370
253,756,1191067002799701017,2277850499410943067
253,756,9155157697392249587,-5790359108359083290
253,756,6984317884432390702,5531567654683864247
253,756,-4719314877456344190,419826642700563769
253,756,-1708114309032599491,-7741445603749186545
253,756,-9073123675309345017,-5386518973338923322
253,756,7908475138151578395,1998441552543957409
253,756,7179203741177735432,-4976767508232016650
253,756,-995290186485342375,-1527050807751785927
253,756,-1505126608623743272,-4853150798806613335
253,756,1024082270046022439,2585334047824785889
253,756,9064526487293290687,5773225407472933948
253,756,3603031496332879868,-8277905690436240673
253,756,404585782913080305,4429694698912169755
253,756,3990901578524923709,4348457035319079198
253,756,-6238465933362882223,4470027555785381400
253,756,1124956167207746622,-2718450709723487653
253,756,3418676786085283975,7195496447477778701
253,756,-3681588461263049621,-3874227225579465257
253,756,-8144685454151246956,1237296172173598181
253,756,5827724918655653138,3644878444276208224
253,756,-439998796015197028,614135465208834228
253,756,8036389283610950193,318374725965558784
253,756,-4864630776546358610,-9080825185830927525
253,756,6606592502740083740,-1890943592562720119
253,756,-3048789620790962679,-3610450462002341810
253,756,6908639110460069469,7611556856704750864
253,756,-6518785222324949354,-5569720430538934093
253,756,8909229244159297538,462773906258622785
253,756,6793374074472817099,6426063847169223524
253,756,-485026840856269432,-609613873194284535
253,756,4011170535956128692,-2753012771500391430
253,756,3269081762321994838,-4808977237489963131
253,756,1668655735581241839,6894158122061007163
253,756,-4416361329157704728,-3125885466584691580
253,756,-2096583091841641511,3919766351075006739
253,756,-8367332553302392006,7596595681242257148
253,756,3946614644313592095,-728251460409953875
253,756,6921329076371423324,8609887671253055989
253,756,-8253967056657473944,-5218413374738108727
253,756,-980755605794129905,1179102176535613960
253,756,-6795327422934245328,-6104673360008341615
253,756,-8542706913909290149,116609795506914040
253,756,228760921011065357,-7048525073967772258
253,756,5437998135004314736,-6313120694089312865
253,756,4991748498873638319,311743204252180330
253,756,4345502462671569957,2031747482186372592
253,756,4580348805065248821,-1011175130972736335
253,756,-1463450360485713687,-465397110453214343
253,756,-6162056678697331946,4269223396146553076
253,756,3277237091662101440,-21764879225116558
253,756,-3033908834376607159,-7111763770606073864
253,756,-1465851667457188289,-1688839527155195738
253,756,6346510682109004794,787574593683205575
253,756,1743199444684439361,-4066792008483689028
253,756,7413289688160346008,-4284379380056292163
253,756,3349107773726850037,-2478809537810986155
253,756,-8509076277418148616,-1506169045810915236
253,756,8624984791763411737,-1657193899215894683
253,756,6673474886949743218,-2629059172233001205
253,756,-7332033316722893374,-4356833909249541994
253,756,218189319144457271,-6254429920765859434
253,756,4129091995198390378,-4082209964317609439
253,756,-4267328814950456694,1019178716805501516
253,756,1800559955867989920,73648842472816481
253,756,-78746475457247484,-1356131935899773449
253,756,-5383482354081382130,426214227202462029
253,756,-152408494203653091,3968678050760217301
253,756,3780126085451680070,-5439797842095851952
253,756,-7522360726265221966,-2931763771948900853
253,756,3511838144046059589,-7837510801270225673
253,756,944857621514149910,-2692218563711138982
253,756,-7248672629601471833,8043242814743670713
253,756,-2218421769872768682,9031776775867952356
253,756,5185281081131093396,728451023740330120
253,756,2155209760735879443,-7694576969221298388
253,756,3902803034670418470,-4467590657713619489
253,756,4018579309162454316,-4719031728953658744
253,756,8238546583790510717,4651864337599753856
253,756,-2203252446052922578,2678777795464142030
253,756,-5763939295336902247,-444825429861062735
253,756,-2469346255133483157,8564995503078507781
253,756,-5777162893092517183,-6146486148028874392
253,756,2572613640397945727,8604278728676693575
253,756,1678122306594792675,-5744766178845728918
253,756,-6155408681563811805,2939599625776332760
253,756,6573272839208165585,5058122965426771662
253,756,-5561542579924865238,577957917000312063
253,756,8644879481422811867,3159318334511579526
253,756,-1755310529899455154,-199385975380450491
253,756,3541471061863226199,6572424077579538213
253,756,-6718862148045237940,-2602635558667415752
253,756,-7163489027248181765,-1348830574644349396
253,756,-4364240134845143530,-936806656003937723
253,756,1323097748008444057,-1535591603172920440
253,756,740017204282757621,-6842683711908352998
253,756,-5670410309566312167,5610403263603816694
253,756,8074937315876803545,3978631290920106518
253,756,1917927829342453362,-1797152077430198704
253,756,7814481251741989352,-4422590337458125069
253,756,2704179162296441352,4041559288996445771
253,756,6043002096990868217,-204698475936201688
253,756,6331755127667131167,-2153805561425557735
253,756,7573686028802070143,-9109048335568415869
253,756,-6707438837884598268,488963464440504326
253,756,-2207895097386898555,109485248666445999
253,756,-4849200715293754747,-4797365660337022903
253,756,-6292850396647901614,3174845330080148970
253,756,6277583090664206204,-7743605293225454565
253,756,2340462819528727168,8369475820025989893
253,756,6544429928259308505,2823761991042597806
253,756,-1229833038492595942,-4940073509428502955
253,756,-477955409276954407,-4837118299550880315
253,756,8750935537404656629,4925153709515318690
253,756,6840814771518960457,6225062088582220956
253,756,-3803382945722651774,-7799958623801946641
253,756,4957716078211582570,797002169406368979
253,756,-6165572650221943141,2837666721425585259
253,756,-652145682546967592,1857882357963011539
253,756,5368817232383568640,1807490764467856410
253,756,-674907012005664049,-6811326979612457196
253,756,5766766983751892749,3586732255245058923
253,756,9002151412614628203,-7143484353908637161
253,756,-6390448191755135638,-1436745265652437228
253,756,1763056490543115027,5983777327032417351
253,756,543858754390625493,-2611530566188993718
253,756,-3875032144062559405,3058036764619573880
253,756,-4981091113827620131,-666031051026995028
253,756,973468435921862410,3571647057200616174
253,756,8737846077779891622,7918324326816181061
253,756,-2332314709793617249,-7621780597115787276
253,756,-117890342345264560,1096162421689980996
253,756,5444865972172874171,-213680033383317637
253,756,-7101604794690331764,8361251127009094529
253,756,5420909596896173078,8550772203300368490
253,756,5570856546238283195,2000849426763177054
253,756,831350304504331750,-8886873896430706372
253,756,-8486002206252230832,8384120137996966252
253,756,4238895811519562739,-7565241149399618488
253,756,1833772115381395163,-2055496983695199457
253,756,6072444308876859001,37077313358028406
253,756,6525115489764512258,1558922595124825469
253,756,-8195981156291363165,3897443197204995551
253,756,-3257868432744195318,2078206132608569032
253,756,-2570137338442424087,8531817499409838262
253,756,-2720750941551387736,875886864532163879
253,756,3314509917987484248,-6284699249908762109
253,756,5381433897927240170,-6668843999490889824
253,756,258793866906392464,7229662918332411266
253,756,-7412269406839748667,4021153900900495041
253,756,-8182744947614334788,8207674951568081860
253,756,-8392955498368375159,5702817142552579540
253,756,8291624193167553667,3674628732515610259
253,756,2817047798539090092,-4077213460836492440
253,756,-5244573081049108768,7216698655862328779
253,756,-4145526920380260245,-7089982634110205075
253,756,2446944875449357550,5884226328678951177
253,756,5215921729206909019,4857993834536891760
253,756,-7536687335977800536,3020762935793409062
253,756,6747936912148435744,3658717127924473119
253,756,-2555547959773338494,-2412719037486962100
253,756,-3809902351391684305,611181151644354461
253,756,-2100859785212339617,-7837057461171199974
253,756,9036457114902395427,-6553757987731124584
253,756,-8328266190133293907,-5821386127691878913
253,756,-7838370147350268803,4320997386721785143
253,756,3762751248622486008,-5362688147284583434
253,756,-4182161445895334181,-3607383969434882365
253,756,3627114615279162886,-2960997388237318735
253,756,-4844065214503466395,-6036597020520346018
253,756,-7457751938722015266,7678489882595213053
253,756,-7572509298870572370,3124854407191661021
253,756,1324028547848789279,-594685181205931770
253,756,821048500504384522,2870371274418609865
253,756,6400850193891129813,-1507781144408694100
253,756,-2753556822275825255,2051417492645453829
253,756,-4407872993543283708,2988801536932309955
253,756,2576144650856366660,-3755160546683259131
253,756,5051435517678028760,2156677149243757107
253,756,4872203365102663814,-8882829598840859587
253,756,3425201031860276239,7868310329588600188
253,756,9196417462139210282,-8150158266357218906
253,756,-7747184035282926014,522559703500595984
253,756,8078360504827710296,1860011050012286357
253,756,-5489168905283973128,1500920435654667359
253,756,-2982176187478320803,-536811930553337995
253,756,3452249261615045716,6198686249451670202
253,756,-7723572014006765901,-2605157404019812435
253,756,-5300343978143159292,5860647173843006886
253,756,-4997283299615152032,-2265079504480729085
253,756,-1043111520709638722,-2937711282648412130
253,756,-1051322710399366739,9077595145847327874
253,756,8353864928366671637,3050220958551644267
253,756,-1864754433372717656,-177287274833889347
253,756,-4866681352700765766,-700463576917889153
253,756,-3493454479025558208,3913032471165007356
253,756,5333247753139870289,8602876168782404066
253,756,6878108805440781362,-195638909207239016
253,756,-2058061764510038933,7992430612262689701
253,756,7308107787057745933,1966246120932802728
253,756,-2851392885645547657,944429998366720501
253,756,-7961367492965694299,-6461583551189821950
253,756,8659174420437486849,7862592015884701025
253,756,8036378317452682264,-5216825517354469639
253,756,-8329395155887824791,3301444118072141106
253,756,-1339520650670434535,3262022484602179815
253,756,-7641779257441593719,5388026343518539867
253,756,-6267409440576292460,6923623347250160492
253,756,7656313396727109882,7120227432861513304
253,756,-2218051308273456594,-6935840954867253024
253,756,2559362796421909640,5452306490691820917
253,756,-5233359174545486897,2521476188887457710
253,756,-6567005389182790152,7030783291485639691
253,756,676842807163700334,-4442811450720447947
253,756,6001090089630378593,-3548467024748243490
253,756,-7594766544475141476,6284667957030050159
253,756,-3567519105365871377,7428248755224555518
253,756,-4014566256209098557,8300930124186107408
253,756,4924831037905220953,-8607374179175719967
253,756,428218063533858222,1090297319575713275
253,756,1288549308600989909,1202382666882861996
253,756,8373035215852256103,-6585079055201661428
253,756,-5732928197874835834,-7194239061345450073
253,756,-4164981334281609070,6625144044110955555
253,756,-3850353501266682355,-6729572023543817294
253,756,-511183145181030220,-7108442167146512572
253,756,7599316729214140316,3290900460571196329
253,756,5021861373216590321,2663729859370350442
253,756,3045241176658060150,8593885178085410987
253,756,5004722871523918341,4285979799271483909
253,756,8876835015243694352,-2127969820767881779
253,756,-634787426684325637,-4506851899201146321
253,756,-2743476633739110183,-2114238252920929794
253,756,-8690543914348979399,3171788576574380370
253,756,3100355354503975592,8671269335983311577
253,756,8500806864596567694,-3291191368688784599
253,756,5836801483440397706,8546797293695916517
253,756,580193465019536425,-8389731371860064659
253,756,-200738349713682316,2202374386933898959
253,756,-7620242334822803126,-3784742151268448421
253,756,-2363383399409225422,4813833901140528358
253,756,-2941497543959915189,8860479691786187874
253,756,8611223623507134115,4223155201371346123
253,756,7170253377101797577,-4098637875391900550
253,756,4459398103827297171,5105805919899765845
253,756,8940277291736687579,3767415433275060934
253,756,7761214184068145470,6596881257103251046
253,756,-6950543437547877046,2530968356080417813
253,756,-2800080054811244557,-4344587305736916649
253,756,-2986144751628343988,-8316504395527552035
253,756,8131899716688788743,7761930169893607028
253,756,779638769743784907,8125769449843230640
253,756,-6768217013758880196,-3169748242260377041
253,756,-2992333997275903287,7302225629050383241
253,756,1820406337545239356,-430886835344192120
253,756,-1410042523021380731,-4959394553928417075
253,756,8380627607779554238,-7330754326618631617
253,756,-8008943591716391064,-228112049065279854
253,756,-8119320538589461652,5160332776260407345
253,756,-2315434249590996523,-2316526156000284754
253,756,-5228603436377559739,-4174344023344732530
253,756,3701917720636551957,8542707201854771860
253,756,-1001410983958393115,181758430354801246
253,756,-4325471474839755919,2883601052913343784
253,756,-2789994194504002687,7470391119439508741
253,756,-9021403838155865644,-84148888964570095
253,756,-8772760988873701652,-7326752110446740195
253,756,-6597313604503274771,272924536648837766
253,756,-4687023801131059610,-7092685174698163649
253,756,7950785974730437657,-294414019441965450
253,756,-7558036492012278345,8020713507234499773
253,756,3514552942884385269,-8690496173213102519
253,756,3028593990550446557,6508123038886140296
253,756,5873009550767270363,305815229985860043
253,756,-994549469270497245,6535763366449338745
253,756,-5467750615800329364,1525371104485428221
253,756,2818446075077031612,3450836822570846945
253,756,-9020079511665537531,-4918537638500839388
253,756,-5885645720483055907,-3807986716592499753
253,756,-8720477739960500279,-1623951642527350278
253,756,2695602904104296322,5146155206365145351
253,756,4356700422497546425,1412156889821296924
253,756,3253381193737037849,5444301836013409170
253,756,5132608813238487265,-4496223967231098740
253,756,-1276208940847963358,658909073930079548
253,756,5667168114590627498,-7223890103810234573
253,756,-3793861835493511415,2410223184877167767
253,756,-6317893405900800643,-640987807151704603
253,756,-1009783866614982659,-9093633078851023033
253,756,5458586907363004255,4832770780247001439
253,756,5090712610283471348,7610959894763599597
253,756,1969242256215660452,2403478872685139926
253,756,-6218822793610221039,-1229551343740747772
253,756,-228766727727486877,8737664980276440009
253,756,2546875856076054293,-1010632439297142040
253,756,7940341456249669716,-724975457090963601
253,756,6050693467925628968,3126915441669343869
253,756,3964951682607032508,2822277816342589328
253,756,-939177556460616936,-7980619907250915698
253,756,-668249756725893637,8408435685939262988
253,756,3608965223213847308,550794443800838796
253,756,-3720230749071698359,-1751727612489489963
253,756,-8650157314700957260,-6197489157319447946
253,756,-8875382189538674157,8389300313787260500
253,756,-648675933256888152,5820736126446351090
253,756,4135796533204091770,-7590408970920406833
253,756,6165065266107747176,-4197187423872394616
253,756,-8340600196291031450,2601648806208054471
253,756,-9075813935602521164,-8670640123333749835
253,756,445019691744574713,-5466170922620339138
253,756,-7579326255471174988,-7157074546235629230
253,756,1392541000285312851,6127702640109573615
253,756,3637317916901695341,-5381549730309584731
253,756,-6306418149409618895,-2564758048694202461
253,756,-148731304619675479,7227850402267911770
253,756,4614726832730613945,7900363789002602792
253,756,3244306164390492533,1233341644328853745
253,756,7807096238991330942,-98617903161659505
253,756,-6306363111545005133,3329805802858978543
253,756,4621991602249708134,-8690128110481421761
253,756,-6305272227432916921,-2020843209959976683
253,756,-4258571530167901325,2638816740158420444
253,756,8254762100162718110,-7614721004613337157
253,756,252782807659478548,-1426322658179137491
253,756,-7990385098770000238,-7856804540343302045
253,756,7276895234379115214,8523288399082290114
253,756,3440577436463032472,1385777287323456878
253,756,361429395519096166,1660031377057572821
253,756,-2747418439981305991,3096168404860745568
253,756,-4712989730480143436,2213286862152956299
253,756,4054508044080652889,3851970168784312818
253,756,-4893543667939256609,-2783226934945663725
253,756,-722132057186551861,-6776116107036220174
253,756,-253091309203067707,-7453454384830522765
253,756,6975343447929738295,3838134714725976131
253,756,-3260310859844450277,-1066183408019700462
253,756,-5384689345601131209,3724260570403407222
253,756,-8232419377506622115,6889092328716961077
253,756,7296831255914297623,2960896834314661973
253,756,1557155992191776417,-538514763564924758
253,756,3877063106186835691,3936924126805569731
253,756,-4842927705131946740,-226602246421541672
253,756,-8712929078464794821,-5138513771846920790
253,756,6273324766120502718,-5362381173412696553
253,756,7167366736055297600,7748185355411891005
253,756,9018452494654922367,-7454132625640261215
253,756,5988712748993844689,-7673207961225419659
253,756,-8453007212031909968,-8718185437038638621
253,756,5069362369167188277,722480759600875996
253,756,-5398827208291057043,8781715373731411275
253,756,-4821480383584728041,-3051631299105565860
253,756,5113426856553042513,4386443287721897244
253,756,300512282991583996,1070090006979543910
253,756,-7250385890273603774,20012530446937899
253,756,-2364070122616191078,-2746277296336745564
253,756,-4389394640390543764,3286533574599888731
253,756,-723556090133790153,2412795592488872473
253,756,5153661633208193472,5201279268773747776
253,756,1854224511476293729,-2858158316844838872
253,756,4694319984451022483,6864331604545297308
253,756,-2128876581733001789,4405637012764559402
253,756,6549291297486011060,7530465402148076239
253,756,-7726922575934898144,-7818585729936597409
253,756,-9094546822617059406,-6555603312418180103
253,756,-2445061578961380449,5696127732625201669
253,756,7208184061410497366,7793364203633288029
253,756,-3995260198185035500,-555466431306444468
253,756,3553115891935860848,-8827888421042851184
253,756,3754515899851163897,-6444069895023703577
253,756,5844598872021803664,6737447703517000293
253,756,7383248939073165194,-4407261233210942096
253,756,-8657234453375114374,-72166468791011871
253,756,-1191794235564228922,2743216421158754294
253,756,-5861453941879492847,-9219051553566706422
253,756,-875269240970286705,6847981077048843576
253,756,-6249152833248781611,-6139586089975441425
253,756,-4594874204080321843,-7898656439081111691
253,756,-4640321894101683605,497198593444240145
253,756,-2520341088148463754,6115680354179467364
253,756,707932927710875197,-5806870000932154846
253,756,-881018167187450447,-5889832186497248184
253,756,2993243717341116533,7611150550455030619
253,756,4198395519999464316,5137404601159281055
253,756,-1216272573911626872,-5471158889970700794
253,756,-4770165635873001258,6417532378033212676
253,756,-5618462695861338062,4543650819303928534
253,756,7597731434021460821,-3766146640692160357
253,756,-8944124742173908750,1038222570210682107
253,756,112403897986892131,-2617554023453660927
253,756,-3406415999603426069,-7339099091577841472
253,756,7054714716497462225,-3285975068461926357
253,756,4813834162113695488,-3491675349535400914
253,756,8155746530698965112,-8075607632450584876
253,756,-5293478728694875158,7685679047709566076
253,756,1692547127792346980,1339745522904612093
253,756,-4212501454014543376,-5084390211515291416
253,756,-1388378226048820635,2498567414657945794
253,756,-1305899478304267297,7931530196263171832
253,756,-1232970463296187816,-5176971729982403484
253,756,-2351331600337896921,-7663650833875727520
253,756,-7651415041983606826,5115689040501723664
253,756,3272213986309435043,-2485400162108667785
253,756,5582604587827688853,5420403189784145346
253,756,8361351442312149613,-7294986012324413650
253,756,5754617047333576429,-1814043336890199892
253,756,-3742920574268238539,-7690834503532015371
253,756,-7972619570890522945,1700566560878052329
253,756,-4286173150087368453,7658501469276545433
253,756,-921076311363174671,-1948964492235928850
253,756,4726980860762541195,1911436223140146380
253,756,8291343513364194988,-7398670283651337691
253,756,5532166108440800824,654591401836923705
253,756,4059850162966386030,-8332368199958990857
253,756,-4951363710379208352,8400698155045322799
253,756,6816443363496776278,-5765282266484307510
253,756,-7191433924778452722,444938844667192693
253,756,7423722361818415736,-6537064123930047392
253,756,-7110052698794674445,4550363644051030991
253,756,5560502307142756585,6880982666097715215
253,756,-8698884534430462669,8536526819764844373
253,756,-1652612716670344357,-5344924028964106031
253,756,8510849170172006812,2512343049779882452
253,756,-3626881662867565201,-2583063982607073371
253,756,4341249401945691524,-1692359469273648851
253,756,-2678308310983647676,6173900333720200194
253,756,8294072991528160664,4850416460890889229
253,756,4426737571572066118,3691542669668678863
253,756,-6078361516984886718,-1144140609711654994
253,756,5798454443790480117,2609769058154853616
253,756,6164766311684955095,4392450531353730030
253,756,-4785777455958722614,8296055283750635746
253,756,2612027080831275540,7007193679148208339
253,756,-2126551943753726560,-9196204361654491752
253,756,4437712081152456031,-7534208611034383207
253,756,-8313759419812136038,-9209961851256463816
253,756,-5562418851099345585,-4577751587122784780
253,756,-5094864818081616530,5239714788799198319
253,756,3251329106639469902,-8078334546386660439
253,756,5911232342053940170,-154702486949481442
253,756,4393661366997030469,3961886915677931906
253,756,-4107412533626792918,-461864100038813837
253,756,2534770537958382450,8630137598506473857
253,756,-420713092332704871,5484242885637650496
253,756,7326713562289397248,-4917932079746906306
253,756,-8306104450550734369,-3073928499823638654
253,756,3055471199899232128,1500645105396164812
253,756,5508174232577185310,-1671959296335860365
253,756,5036071179397604398,-3292080948338710336
253,756,2507871169429102510,-8614686307905997738
253,756,-6723801101819424768,1067995763667012900
253,756,5045899527825643001,-8535735434172204427
253,756,4033661823028432279,5565482128031332272
253,756,7249154911544875247,-5203667360060428066
253,756,-8500049542814416325,8364866676569262008
253,756,6014698759580425432,-8607767092494086916
253,756,2391152041906329850,-7027961903349069460
253,756,-8024587210880951459,-2588767908945907525
253,756,2905897089728388411,824981878483536132
253,756,5294321116114796824,-3285507272076157405
253,756,-2018185491111838304,6936851461680390833
253,756,6056931595937234668,6037852785158488230
253,756,-9075092259769057036,1691607922576034245
253,756,5177142773348139699,-2804309785470198331
253,756,-3090970173097539897,-4622400264477052923
253,756,5619926831874870057,-4145264936149779830
253,756,-3054893887197832964,-2228148077859875679
253,756,7660614761431179127,-4607059435951643271
253,756,-1327963993361774382,-2541737892049138205
253,756,-2421375509114617335,-642526447840988182
253,756,-3824707139904402891,9041043215912966069
253,756,7970272789833252622,3072754649204798022
253,756,3535288144171315749,8991789153205686838
253,756,6020148404598639130,-5055969020707854251
253,756,-2145373465528875127,7219050756378739852
253,756,-1343719330936482551,-2069689419960952772
253,756,6454726117897232631,-7848598155721396472
253,756,4597909440078634615,-9164710792789656154
253,756,7435852656531201077,9192710660191774290
253,756,-8169304503964120569,-8717973588995607278
253,756,4280212785820322404,5775143484045338375
253,756,5112969056368402760,4055779210142254129
253,756,-7600587263775737572,-3579315262721362522
253,756,-960510255912939413,3255497535247927458
253,756,-7951497544186538299,-4068580270114685283
253,756,-8153868396577330985,1921789919190293727
253,756,-4320469797650867810,3381614606917152686
253,756,7763897920368126099,1111217075612692506
253,756,2745042327768280358,6385489388346755689
253,756,5406003429908950127,7803597039325506031
253,756,-5925175930121830279,-7562620589322608927
253,756,1157109269825770455,4419661400539616074
253,756,3874033103390493859,7874133165668700477
253,756,8957992692273307633,2427809380750367587
253,756,4289275587411505214,5943949884382886627
253,756,4967128280879344388,-6452289562497082052
253,756,1437784437469638787,5383212592510138241
253,756,-3859822879907078178,8083763312625794418
253,756,5186233909852275900,5265139042104023914
253,756,-2511723274291476462,1060629323323333736
253,756,-756292399627907579,-3208724370271957321
253,756,-6745171475862335584,-3293173191871552607
253,756,8662475546828823105,-6231823038196462640
253,756,-4213938285168592450,-5695831572331185750
253,756,8457226462156017286,-7406007854150543627
253,756,-8046228149883681180,8814507332105616871
253,756,-7513008623261537277,-8100306417561099083
253,756,-896779947198571600,-4344536977647134923
253,756,-8650859467182472452,4218858644041522708
253,756,-3080593959956856575,7337293739480369274
253,756,-6161813686797691270,5450212572896014138
253,756,-1172777816826905678,-8528763352875239802
253,756,-6078853098019886615,-5292080104597110954
253,756,1208671100723064405,824465056356551034
253,756,-1657874148739334730,4588218198829916697
253,756,1034207556976105444,-7873877629217380039
253,756,2477762971847014438,-6613256651566402500
253,756,5047490215826112195,3700094950872612132
253,756,-3283831919544410407,1798514988162200498
253,756,8755433223459357906,299886347601921376
253,756,4005250520373263365,-92503066190937138
253,756,1686335507129224253,-2981221505813270961
253,756,-7168457661132423597,-8540960624605522785
253,756,7114208658103511116,8303814407439346515
253,756,6045861204889528222,-6473365276195684519
253,756,995946409916517969,3326941826762374962
253,756,4764703214226866962,4308602454727903550
253,756,2432739957787182358,1656853893323463581
253,756,1125592792943145419,-8558048737503297283
253,756,2435130571267870362,4367133660779462508
253,756,-5402367748760426784,-8365043682523375263
253,756,-6268977657586829725,-5243852951936424177
253,756,-1667056917647527413,-5409006896288235808
253,756,-5113673260553939296,-119407639126536396
253,756,-8491246226184728166,-4426113301826163686
253,756,-9049316911982550259,-4588504413599790895
253,756,-4299512195361800243,6212239889784138042
253,756,6826188253345344270,-7533432253403643863
253,756,-6024257384624567083,5192641610559294263
253,756,6710453494672480041,-8912411980917592264
253,756,-3662201304102605778,-7917986588742925916
253,756,2843339162938024875,-174188249948451304
253,756,5454231125120719027,3659426110292203676
253,756,-8522052864776901802,6135099528075934156
253,756,811345857353563354,2688774219338619672
253,756,3625075536515319174,8652861864741638182
253,756,-7761899433342359035,3582217251760016449
253,756,2560951008769547598,1662594702013860308
253,756,-8434196249189441411,-5108553779137714865
253,756,-3495626287307585236,-3607220758687201958
253,756,-4666756421118012034,-2452841448137259229
253,756,-3186979568847179402,306968368934351914
253,756,-2126334611294219289,-4890234460652376927
253,756,6973451601245058490,5427018560277563595
253,756,2000769038253239147,9157951574765892185
253,756,2604303785328572879,6354705450648982533
253,756,-190368457746083652,-1547317682474844277
253,756,-8432499728467867756,9111418163438492126
253,756,3914926026022939969,6965224551370712916
253,756,-7459484146299242626,-2344421849942971707
253,756,-2676199872520572147,-6714375952040927730
253,756,5542090422891837747,6638022141254964200
253,756,4582865598973105668,-5810448678536654942
253,756,6116097249727733989,-4553155246878812597
253,756,1350985143389194188,-4851560321671541182
253,756,-7861419343331179931,-341896058483580857
253,756,4340979220850991129,-5810158308178656632
253,756,-5866107640037060929,5650188286599004932
253,756,-7347910990735734561,3006422006292371119
253,756,-2725108882339142733,2575304968064782171
253,756,7685659259243241846,-1409272092175782723
253,756,7225859615626828960,2660128855771842320
253,756,-851037981446469876,7596611103077354198
253,756,5773898144564643419,6020014100581760150
253,756,-3651290419759421391,-3706735450570287489
253,756,-5158083972841248357,6779005733666673788
253,756,8545809288711177570,-8955033380243464720
253,756,7560117283788769265,8057164970239491141
253,756,6698968179401018874,-8869275094219306770
253,756,6904064666888551885,738939792114601113
253,756,-8301749970305884392,-5607096260976433380
253,756,7391950258733625131,-7636319831540671636
253,756,6042242920477366260,4545378065282787363
253,756,-7993918282784571560,-259735377520818534
253,756,-4504270283114749359,-5163281121662700180
253,756,-5530417548018540570,-3055731568542256535
253,756,-4888102601032851112,-231382656874185315
253,756,4058089160160722468,-8130985798508915146
253,756,-1396552425206857051,-1912983910630748027
253,756,7059739558188849505,5236242214839115157
253,756,4949411720265616312,-4028362657399752705
253,756,-7788269222110928398,-3986388301054635654
253,756,5212901936547721705,-6316610148339387295
253,756,-2031842372268493723,-5512230547364335326
253,756,-2151793470383145206,2857642778532751638
253,756,125955327322360417,-206308863843179997
253,756,6927056167910488468,-364006732943833329
253,756,609476412978900828,-509689936867846150
253,756,-1244559627284233341,-5595771024779506156
253,756,2441742662612719784,4599346735047049524
253,756,8407969881958728541,6596033639568354223
253,756,1908507873879118132,8775709638008023586
253,756,-5645185932536369347,307551991388562840
253,756,-4977110423147806239,-3642023311536455998
253,756,6651646203531515725,-7746897577687117913
253,756,-7918012868878944041,-8837669981781234078
253,756,-4438913168754973305,-8566061108758464424
253,756,1426390030032221906,-1080788228063018164
253,756,4844943232606164464,8820315018514244366
253,756,5683113411397175978,3256277812242725883
253,756,-4632162714030936448,5338384455051429057
253,756,-1327761182643205004,-3081802052381384992
253,756,-2563977831434538660,6382128329541399165
253,756,4086503452855044307,7804594668406534437
253,756,6235197668248016438,-486863379107056182
253,756,-7953780901460887713,4447249001310159503
253,756,-190210816030235522,4298629880908043625
253,756,825498024852816035,3148136272376709248
253,756,-5389386198564753709,3971350219965942439
253,756,2112898983162365299,-8740630920886051916
253,756,-414107448183889358,-705895890692492400
253,756,-5121035016324240465,-1180661421938012932
253,756,2182685273139068492,-6030796037356718434
253,756,-5883848297581955487,-7237835258578609588
253,756,-919758252513162230,2340141690950470622
253,756,-9175234618245237823,-4093446369201391111
253,756,2184368493405437695,-8984687378446414759
253,756,-5251250057917699336,-2260560668155233358
253,756,-2582108819680665030,1804453248183816506
253,756,7760328360596486641,3324036842180652552
253,756,3307920680637154325,-4660355211793516798
253,756,4364050255494116128,3252708591859442849
253,756,-4428828347951220661,-5209957392253758840
253,756,3490811248111372782,9104099500265350529
253,756,1682000928639920230,1196604371666050101
253,756,-6771687226715824910,8657208808718726682
253,756,-2850760320069291295,-4247600861753852192
253,756,-4551248265960103046,4998971375474244064
253,756,-8481560819734488463,821837369532336411
253,756,-862030081418948087,-4031039383456904044
253,756,-5689470972473912321,9139410562217097764
253,756,7010818981915629472,-2502449629076425961
253,756,-5653378731380381628,3268865271359189469
253,756,5011220770189326435,4823816741402770585
253,756,-3763328822944462366,6510404998093587625
253,756,2154172922626639487,-5808361679004876227
253,756,7765839496959520611,-5530249970343404697
253,756,4565617698230336965,653051349648416103
253,756,-644986233451947681,5052279518111993264
253,756,-3150554316078820976,3600255964125196913
253,756,1749361584621481274,1740038006296725634
253,756,-4506351470263129987,-477336651643738633
253,756,4502400886707541066,3246157345709853268
253,756,1793570389208876216,932187010471144644
253,756,-5935485128399235081,-3019265332967540945
253,756,-1980343487143373720,-8877352117711446180
253,756,-8822571860784429795,-5606440518313578465
253,756,-6470970543151064161,-6377518005032063415
253,756,-3428931276598573800,-6226036584097422839
253,756,146265503414250973,-1561510286459719892
253,756,5280111739776601237,509977071988753941
253,756,4570616700567642417,-5265207457708844458
253,756,-2369723529951234035,3432838986813246899
253,756,-3932935881841335049,7970704394971751701
253,756,1604765518837525745,-174920743385105633
253,756,-9179198572352093088,-2466058483638600531
253,756,8562260967244049870,-1092877853616676470
253,756,7926064062921006168,9020525683536515544
253,756,-5491313861753771279,-1295869197926508612
253,756,7934139418119807185,-3083321242431213717
253,756,-5262080049966402940,402682725553763681
253,756,-5916822642847770949,593159393163863489
253,756,-1380097158932122803,3504803217443524286
253,756,1252351145898827621,3690223910937109455
253,756,-1758975348630120716,5078389948085631605
253,756,2557540186026694234,2816054697234477444
253,756,-303969949122653861,-4051984552484818617
253,756,-4791281244465529851,1325232676255341842
253,756,-5111153000125906938,-8734505043990481141
253,756,3783701934041494480,8861623685479263872
253,756,-1269832368521422710,-5051399927587379138
253,756,-5458311147823600993,-5908001284057853271
253,756,-5561441557956445402,-5125862636901136706
253,756,-1440871799577589844,8294711669641005151
253,756,6729822220727137004,-1939167964444104049
253,756,7938517387142433344,-9183807793507035095
253,756,5668388131718630711,-4706151595120641989
253,756,8054842132096601929,-3751069579831571088
253,756,4618522719913784638,3476004595185501509
253,756,-5661742657035377232,-8629897071300970356
253,756,-7274500761100483651,5509970751332081804
253,756,-482478423737487686,-2247369013842133256
253,756,-747912956049883070,-3108366190188542906
253,756,-182694630683694763,7139004161736613150
253,756,4095438032167195443,-9219266979330411393
253,756,-684889868630713661,-4417838903694393547
253,756,-6254913348166018474,1004431057456256259
253,756,-7005979220806824042,-3711395208515055248
253,756,-7155746604794863481,7215358021027026867
253,756,2947888239636395358,7411596482455396913
253,756,892416377521522884,-1836750584281176883
253,756,9131058334462387358,-6647561861775055223
253,756,-4565085663254970335,5795393559005137346
253,756,-2645067184076143152,-1922389585869503706
253,756,7186487348285508316,-793263909525676040
253,756,-7195577622891295954,5212900026741750224
253,756,6593159337156756856,-5120133851508193775
253,756,-5801230365455129802,-7642573130680773902
253,756,-4552928537936798326,-7929059641335218758
253,756,3493462329187189698,2651188875578329642
253,756,-4703447952414524648,8361883772676027675
253,756,-3295609362668118470,-674229053563177628
253,756,1376215168756525914,-7150158140824725889
253,756,1531288600038584491,-1811000003595395274
253,756,-2587669927788350881,-3603009824792156315
253,756,-2865964384347948574,-2981071874865229058
253,756,-181376882595207808,7273603352097447091
253,756,-3964869140752313046,8147728702254132858
253,756,-8914893661958231775,-8850894441374778656
253,756,-8436785076499332958,-7210239615143503552
253,756,-6139725400236590804,2706747245500463165
253,756,3004869706990070375,1065082472419010025
253,756,799716362155347432,-8350856863665578167
253,756,941846715418287066,5422635651060302847
253,756,7622118765383299343,-5243870221168249425
253,756,6401215291249425195,7695028198828825545
253,756,5532965562531082547,-6820480596001617235
253,756,-270670170760175876,-7119747908841024966
253,756,-8159000030452332655,1923192113536820463
253,756,5716976046132646264,-3759042923400429815
253,756,8390533020430326568,8653715581334896318
253,756,7655882956554888985,-7433959053149137503
253,756,3226961021663004113,-2273606826978444228
253,756,5594467465238989780,-7675830784149396570
253,756,-772339577212956782,2533463848845098473
253,756,8104129347591309439,6488173992983011111
253,756,2548576050017177754,707434770850375981
253,756,6535289965763228244,3436562948979678019
253,756,-5837870242755076547,604507700768484036
253,756,2319402971100678227,-590449010191651936
253,756,4756508119216013278,-5717381769155045444
253,756,8644813342980368661,6755357370012752135
253,756,-1041160707125964526,-2499599063810842636
253,756,-4986990622476400139,-8675235502148132182
253,756,487639658415413023,-6818570413570937933
253,756,-5184737499787972822,-7649987590250879968
253,756,-5131919763912570065,7179280998378676354
253,756,3619963032308265170,-7606086477749378884
253,756,-262016398136701733,-3354839762880228834
253,756,8448139604452959131,-2671279316729577352
253,756,3717729352361501254,1311223821555826883
253,756,-2599406411401555913,6859030605969075338
253,756,7206345412939281511,-4831788600493772833
253,756,-4691746043714873281,-4510537525166763948
253,756,-1034046273762120608,1522991155142853970
253,756,-5206445626671734511,-5258070519609176091
253,756,-1534749075220723392,5195582320872956369
253,756,-448107737568304780,2429317307881812885
253,756,-3111029259571042828,3869947045367375273
253,756,-4660181496086825927,5742080300394360979
253,756,7903247321567984770,-2658769560588050242
253,756,-7138733966676499379,-2977842180670670691
253,756,-6225196065320431789,7471304773047547728
253,756,-3168654196727342996,-3685306840158908457
253,756,-1989725484740740874,7102012025180974114
253,756,-3101838846250464912,2111796422324625201
253,756,-6301154718146860797,-250835673841724901
253,756,3233455404710245838,-8805536474064483414
253,756,6634359794934360242,-3525593679746850879
253,756,5813307418211312208,-6850521239751866553
253,756,-5116215735373356524,6623559320158073382
253,756,4129813717401790052,5209761388589547921
253,756,5755322676017333312,7213354492377125181
253,756,-1141395537767613870,3012689127165165041
253,756,5109772689650367996,-1857802792584424867
253,756,8094364593268057018,-122728268310835927
253,756,-6671224596124821078,5540348488206805806
253,756,515948071000212830,-2888839409967709451
253,756,-2915210282493267068,-537204776940756618
253,756,4507474903391601963,-3104199629566206392
253,756,-1396445915155491441,-6480175597187283372
253,756,-1860186540990839847,1633593466960532016
253,756,-7269948011833631471,6312432125604476640
253,756,-7367518000260435955,112865196922688707
253,756,-1864161435934315608,-8844706053069101620
253,756,-452438221233795528,7412233858430819861
253,756,9030106635713866759,5755379474351657808
253,756,5410111152576012493,6709814876648135922
253,756,7531611341409615218,-8805915452521605009
253,756,-8710283881562929415,-8529159393498563609
253,756,-69654457451827247,5716967277614551302
253,756,2854341401721075359,7422237770790879694
253,756,7093551424679942823,-7213021481488198484
253,756,8866251768689908418,6397168148557922818
253,756,1473173428353819533,-3501024838828933654
253,756,7413073860898519941,-3503513323154610236
253,756,-5800970386059280178,-292333762009602338
253,756,-544292402152742950,-8675613298786441048
253,756,1377854396354852080,-531099543242213455
253,756,-6591928076206039853,3741094996755836366
253,756,5627938193057541216,1621627958754137968
253,756,5379180814976758179,1954490259229036696
253,756,-165650472827705599,3749177428740994055
253,756,1006448357366856863,-5487938824974795402
253,756,-4387041394824158642,-8992145671730814549
253,756,-8642847291126844033,-6763323114122171822
253,756,-71666471245006758,-8898985646897877028
253,756,-8362182743532846795,-2597789735444462642
253,756,6341298420372290390,-7119493623657811311
253,756,5978924995843133279,5987839279714072427
253,756,-70202010441014409,-4505730368283684380
253,756,3520630323570892889,7709697409686141716
253,756,-3827888221551757066,-5432299674649727514
253,756,7877886545693803207,-3431305238249820770
253,756,6831317614081866948,6898663147551675618
253,756,214253699059305678,5225178663731974990
253,756,-8881384768710870852,-8476063872280013283
253,756,6102131891956283933,-6946360198960224961
253,756,4589132396053988560,2149283832182611861
253,756,-7475537651981670018,-5749313401112995906
253,756,8372832077818439220,5727014273982799580
253,756,248519023790701166,-9077702694246332191
253,756,-5179088774254954448,-493400832435069189
253,756,6130185779896831360,1900091228941375068
253,756,8482319754467763763,3333668311841900702
253,756,-3486562521907551179,109897934159174965
253,756,-554264250656643638,3780289999770460789
253,756,8994259272580609294,-8660370783917453258
253,756,-379596770984566296,2406503040726041471
253,756,5433079832179508944,-7968691862418559731
253,756,-638958750359163201,4778890380089763733
253,756,6627177294932528197,-1457332015331256870
253,756,-6787403566534367070,4697636436026000648
253,756,5406765942106426378,268074639128665392
253,756,8280763807067679827,-8719052473016108784
253,756,4444045339958544029,3495708988944129564
253,756,3252308558617250883,-5045525036387129424
253,756,958827873432094956,-783674299052308794
253,756,-2045916011085084516,1416545770999706335
253,756,-1500240468963267230,-6397618423920541996
253,756,-6131444368250042716,1837879395361108219
253,756,5826212436142404325,-6144544089480006503
253,756,8653045066988412269,1731004087876802136
253,756,4809068439032249480,7014419764189254847
253,756,-2805375777674496708,388519792224385182
253,756,4988370179261931326,-3626013119940875485
253,756,-979501661664200929,-8617403918105378939
253,756,-4619647969114033213,-7737653494775475381
253,756,2576616961480203239,-453192356528675224
253,756,7669834168269166546,-8659442273092580273
253,756,-4408984629179027268,1476101227841342689
253,756,5318259136749526362,-5993918058643073511
253,756,-2844540471104379235,-1786251061506685022
253,756,-1349401404681157311,5441412680528210567
253,756,-1379542098279121456,-4729083081021996404
253,756,-2262726124369976730,-8962781740347919768
253,756,2645856129321780033,-1752705126774390022
253,756,4375122620899725114,-8310517065752849199
253,756,-299567685818663040,7259324327830728210
253,756,-7378207959540721667,9121879236556126563
253,756,-8830384986305832686,-1083235999268048207
253,756,3295461222967493670,674982031272372666
253,756,1508887665725571481,5995962759192762006
253,756,3917667686668273213,-2854806298108669993
253,756,-4217606577674125917,-3606179180909330387
253,756,-7791392754762825156,5873308084613125511
253,756,-7013808821200653716,-1984219355378521362
253,756,-7177506268154880883,-7913990711150748485
253,756,2870882204966337310,4056425978673216993
253,756,-6276501270220713207,4000525531151972002
253,756,-6895336522427154680,4474073405805232638
253,756,802774265343995595,546383119504244404
253,756,-5797317343524647459,-4196196495413067171
253,756,-6114596116372988858,-6731225353271706943
253,756,1431758984607364505,6729745847792796050
253,756,-7582741973691318787,1454048211711046035
253,756,6961305681688828575,-1893057883214490751
253,756,425341555489404074,6708222772896332284
253,756,-6408323059933104801,4294382301678645521
253,756,8759420427406156855,-7428713728897808129
253,756,-2405859341545758672,6585978942698762125
253,756,-6068012341982533705,-2932012641313587605
253,756,-6464650943505073155,1229966869016197785
253,756,608961379184531575,-6820427640310792127
253,756,5450327251275675472,-1335046595766251740
253,756,-6610472583859490565,4438853602855031756
253,756,-8005004381033004894,-8897318870955977280
253,756,5952137306825523788,7206818383484486566
253,756,-5468230762784452876,4777395628367099814
253,756,-560642100677518572,7673625319509590918
253,756,2794875060151701697,-3167602575138845218
253,756,8240058260714325479,-1563606643318119321
253,756,1852799617801640456,8380682707961661887
253,756,5863313901012091671,-5577306950947865571
253,756,1997112401674367118,-5775899562390692100
253,756,-3084302677139345579,6453799678829857284
253,756,-6696031685032005728,-7318398110647283839
253,756,-8642895598784467997,-967870630625791455
253,756,4787872597521923254,-7086022676412559428
253,756,1258458252320626070,-2338069277867059871
253,756,-7320852921547422019,-6204799212468213190
253,756,-4418432667895022854,5775829589681644918
253,756,-7697463318562441578,-3386022110901829351
253,756,-7762425661036093805,6077925920241476875
253,756,5033093010412383732,2108140956046294805
253,756,-7193353669071853257,-2781623059445627589
253,756,-3896349697128963055,-3288010355178680933
253,756,-7343799275042034724,-7808469382593300008
253,756,4683531205061451103,2648280585468429864
253,756,5292742432763238140,3286995499634667351
253,756,-1196228631513950755,-5180805384381144658
253,756,7188375552303713053,5563365786138772554
253,756,-2204622667899114419,-9220105886347812362
253,756,-7322700813153180342,8213955430944204001
253,756,6699890484330484643,1526882488836119047
253,756,7088711542980334745,789869798888407528
253,756,2965564430702069208,770512485345616545
253,756,1057655225650078351,2790203711106388744
253,756,-8769323363253911997,-8329131079963798419
253,756,4117918151752606893,3578463178351791447
253,756,-8647484083172850505,7665451174882591384
253,756,-373635742605305425,6658670548272389251
253,756,-844870457981868010,-4798042381514222935
253,756,5788094996356963798,3171013694670994504
253,756,-1093445266543248519,-4635415159906119122
253,756,-3229700801647238990,-1976473472522535159
253,756,5023691928490036597,-8814016905536849850
253,756,-7175170659034580567,2240547790207054477
253,756,-5929411915710030563,2723018566303009411
253,756,1587235897955561978,112742915883548522
253,756,-2286286691400042113,-4986166777746567440
253,756,7226630933967150864,-7987709643245913714
253,756,-752791005273426507,4832700074591236191
253,756,-763949188226400375,9115202704803189693
253,756,-5442167937076976682,-9050795449998057193
253,756,620421116308839275,5058330868274073848
253,756,-7852821629056653251,-633711027017534014
253,756,7774727108537476369,2686357353708272573
253,756,-8970976532328349970,5570205720278730113
253,756,-1949596475350629013,-8509520832532152700
253,756,-782989539854085254,179298339027606208
253,756,-2827243776079610861,8079457464722008895
253,756,-7723496848665147571,143539713596465053
253,756,4304712605583335644,1186423824227350708
253,756,8528505731695811969,9132734752341967071
253,756,-5006918535271353310,-4146761350756666759
253,756,-7889926994929325857,-7075902330566721287
253,756,-6438450682662533637,1195041492011378951
253,756,6984700760561510857,7346867964434995739
253,756,4961637293946774212,651606023596475084
253,756,6587670827771841825,-3686470870441591216
253,756,1742008661672668774,-6533403739565016376
253,756,-2749390987226895654,1170758776249765753
253,756,-7783986568445126084,-779032683844498846
253,756,367502276972988513,8927856670330735097
253,756,-1111531748320694640,-2216096353888185485
253,756,-7506372995208528790,-5074660730904521950
253,756,4060390580095537069,6920443621876739532
253,756,-4671043456811114205,7161194040558414053
253,756,-8891079990858383836,-528834621689245910
253,756,-2198679977657635134,4077088534204807550
253,756,-2940335786962855295,6847724481302921924
253,756,-5142577678765611520,6197783312393517002
253,756,2043672669390070929,-1301431519712207729
253,756,-1456627089896515485,7443268069817898990
253,756,6553233934866860866,-7277863836401332738
253,756,-257938317398355452,-8009709066471686499
253,756,-785716826189260764,-1663115706139456576
253,756,3770821065269116967,323508666106626002
253,756,-5741263086189664693,-682853375160666240
253,756,-6161708632371057651,3682581055945364259
253,756,-2696721725894332026,-1351127928783226149
253,756,6464015793334884614,7877491472491892468
253,756,-4920188893963171607,1875172573635451153
253,756,2776395012180173307,6820950212809567131
253,756,-8098695500414552696,8662965868875814524
253,756,-2125018713556299763,7901061385329617107
253,756,-5926500280801144919,6911488326649758230
253,756,2215215786754088665,-8378236614855880426
253,756,-6566472828600436534,-4985505855888958234
253,756,-4371471546610913538,6197026903762569879
253,756,-8935849220926038410,7196186804930183612
253,756,7763109230525862664,-7968606317373883942
253,756,2941486854326397234,-8713176318163219873
253,756,6630925894285517320,-736139526981480055
253,756,9190010826751711365,5186563262346116613
253,756,1315742489957421363,-106500823377483319
253,756,2492809625285897830,-7964794430499205299
253,756,7163455340082472633,-4014866746921034825
253,756,-7948736614610443169,-6764693828203036565
253,756,-4215634579664459640,1276134719735888016
253,756,-3459445307996897385,5906690053504757990
253,756,-2448219094004561401,882614765926761281
253,756,-3677823592842646333,-7705478163943904730
253,756,2556141511992183691,8731076252849543229
253,756,2214179275033989382,4656912775122523142
253,756,-4603464606901602111,4662299600354223514
253,756,8817296021238178790,3449432658392002214
253,756,-8136627121843604197,-4132852182557022977
253,756,-4190414765188028697,1886925868572548640
253,756,2480250725480412400,-4123197483800873335
253,756,4718509929219382990,-2214032740825343098
253,756,-6389757525355842124,-6833179464854864687
253,756,4425933492954481167,-8025761590650117223
253,756,2507586887654328601,9026945330438775568
253,756,7199779784835791526,-1240219102254302153
253,756,5195617191467933268,5380330662293492581
253,756,2953796740454392423,-7259045575826245595
253,756,4661949713837116523,-4673704489731538993
253,756,-4405945189349041441,607154077646374496
253,756,-9171794631892413796,7284040084328862292
253,756,3783302428003821530,2355991720794025342
253,756,-3266182749698035589,7432392513902776185
253,756,-9122986185212274546,-7508823182086984538
253,756,-3209755083682584879,1059119507317459140
253,756,-80307830979333571,6727823683025736567
253,756,7518319288064125773,-3799346218825856615
253,756,5066802045005030523,-2812998047049253525
253,756,7959222741811998746,700563286236073335
253,756,8405189024979785115,-4721988396653533644
253,756,-5178486964269748631,3827100685304850107
253,756,-7931231900622923695,4360132438593186326
253,756,-3696520891420560889,-878443870807172786
253,756,8648544864594219725,2619794802047212722
253,756,-1014567928718910736,-4020405206023187136
253,756,-5251288743876999919,3920433646314043420
253,756,-6039781047028514910,-5106973932925732433
253,756,4449377206425554272,-1780175033031210878
253,756,-5160087416240939755,3302009286972382472
253,756,5542944984177280791,8356167382533327193
253,756,-4257712848315388490,3071862972900318138
253,756,-3204718964907196110,1103281584836848708
253,756,2176855379699111286,675714609495621983
253,756,-873085976750869009,-311341389040986084
253,756,-9216188312920379626,4015530049936932986
253,756,-1195162628659545414,-5628823222513085816
253,756,-8470790345580664361,-643586388869387482
253,756,-8363051201044719734,-1607343244139155223
253,756,-5024339433853351997,-4734916372335944408
253,756,-6003796012179463669,-4673653104502241506
253,756,5299503700905608984,-8433694068940148742
253,756,-8444885986224362217,1918915491947937310
253,756,-4512919751702000620,-2513960122432622573
253,756,-2218126521203191723,-5154244896266485436
253,756,-169661400111739171,-7034606814847560938
253,756,1015745837215856665,5026433742551270243
253,756,1076455544657980155,-2554186292445309885
253,756,2363217731587311379,4874172450589379360
253,756,3856240065443715509,-1785774068133579780
253,756,2250218900285243449,2179258357759253838
253,756,-3034929525399517838,4068599153827538017
253,756,-6610256534280968028,-1727685496458266267
253,756,7684411414835330572,7690611951745340888
253,756,-7399889829821441489,900530783024028854
253,756,9119674226934595301,-8218209506516346888
253,756,13164708456731966,-4985243318934161639
253,756,4572035388008097854,-6391044385011530403
253,756,4018104914338836821,2884704268915108293
253,756,4757483112545942898,-7182216980620584512
253,756,4299404269071864030,9200061542346109095
253,756,-4007656951673777949,-8880931616677535179
253,756,-165945020511038078,8882800459489581387
253,756,1040118150408213036,8121265898351350335
253,756,-2296115174653114719,-5571245110317990491
253,756,-6399732492449453111,3465801883556800462
253,756,4358359119896966071,3184229023649558985
253,756,-1803306740603518463,6585003006845865359
253,756,5364437713764996829,2177809291594634616
253,756,2395266675862073205,-3327804952296689268
253,756,6055306490043065619,-8015013234238507165
253,756,2021993859754342272,-3434986976105720241
253,756,160551541657305423,1136522387577559197
253,756,8454531130879778002,3896690489675168389
253,756,-5802416374467651548,-1296432533127294528
253,756,6875614427186876078,-3260409847375826834
253,756,6868129002647854770,-8993132920022915935
253,756,-1935444947539858241,-1619467900778162727
253,756,7230494371509506933,-8729580172081741962
253,756,-740809227504706530,-6696693997257768190
253,756,-420490350645759815,4865436150151668979
253,756,-8193289826607620690,-7998257577617657200
253,756,-4523514798801396890,1539045941350305844
253,756,-6104880146623834143,4050655419767177613
253,756,8001467551561010870,7628322765026574582
253,756,1103086741930286458,7720471421220085722
253,756,1791449203733146681,-3786262604625896645
253,756,8203813251043762847,7311851252861445455
253,756,5675769297470364899,-1482519662874915994
253,756,6848183451802768406,5478640720907116378
253,756,-5276645857332354690,1080693252045875353
253,756,8480104575526781824,-6594311672450289353
253,756,-6328776169808478842,2659918641877539210
253,756,-1085285740752683319,-3286955012407338699
253,756,5387714262845838575,6466299446055005547
253,756,5054938201319009435,-6679475048147860635
253,756,9027433750762575919,-6605636270102507601
253,756,-6340364896500586472,-21762135911250075
253,756,-4832852341268376407,-1615979913687812024
253,756,-1311035435840633670,-8853296732565075258
253,756,-1768850054869492552,-5254367047283416299
253,756,-734943761723332368,-622257236326710654
253,756,-1753744766807672972,2137778391731797524
253,756,-7268674456887859551,4534552324910232901
253,756,-2390067280755801587,119469437359957750
253,756,-2301152650306923322,3063870761707003185
253,756,-1455412223841745862,7890430354968073090
253,756,-6800190109641183682,-8031748984169264392
253,756,-2552969567076961004,3060460894570685419
253,756,-7477469835190327222,4952419454973720441
253,756,5943766594828036531,6233979401621070703
253,756,8313098884082672915,3571859013890769535
253,756,8805435172835557840,-1244044876142775634
253,756,1552425114411683249,1775053232724360742
253,756,-1600127949314572599,-7753487592049660509
253,756,-5209697800853920815,-6475497933566161270
253,756,7026860661498480683,-4156292187544415553
253,756,-3365078551382130049,914634822247574491
253,756,-6874196402610862157,144654299616756403
253,756,-2772872927176722277,5164727583152359789
253,756,2164206431949734730,-1643143236777281040
253,756,-2595021955628897889,4434446488066972822
253,756,365052011215203127,-779853109005870900
253,756,-4856083771755987537,8428485307915395376
253,756,-4505741008233617281,-1345184689016611633
253,756,2545341237689893633,-6499057340045008691
253,756,8532099781209283848,-2060711081887874998
253,756,8893773340010847543,-3029129436923205085
253,756,8156536184146701694,-4358785561555971119
253,756,-4505891424167446479,-6869709137322701334
253,756,409034732919524596,-2841252938161508668
253,756,-5260109450829930386,1867847208389388589
253,756,7732718096368406049,3572189523038259938
253,756,-6472708546124598908,-6668093081973386968
253,756,-5457854781419519066,-8389680840924230629
253,756,-1546798846061262474,-773144270928862873
253,756,3768602467935011751,-3271489584754483084
253,756,-6275404553806085127,-4589943999093758975
253,756,7584791155319195527,-2948086469839649900
253,756,2295129112149434522,-3197081983685531367
253,756,-6501822644710730447,3921423659410449172
253,756,6834751337703304185,-7922046886158233249
253,756,-2156039022393373799,7306189106518778966
253,756,8841119406156185811,3479706259003312959
253,756,7475559776887431883,6959580023642858846
253,756,1792545242350752353,-8408422695159607011
253,756,-138288504260423358,-5620379405150415603
253,756,-1876153334629050170,229384572169969731
253,756,-6129562138315981183,-2881177027053190545
253,756,2159849998762519764,9194857399677149270
253,756,-5617309879826878546,2089480306756151955
253,756,-1634181645290004644,438550592597371748
253,756,-7776638971966835923,6883496789695868962
253,756,-2419396800891188813,-3795617293483029746
253,756,-2253813842798254319,-5569477519535298424
253,756,3362135838026410253,-6267160529761472722
253,756,6209601866114035374,-9103955120423182883
253,756,3705412993351737111,5631015822832708917
253,756,8228781609545660480,-3130183763123631096
253,756,2016445297419474634,-1659915274424817644
253,756,-7407640295456321785,6267963909075024434
253,756,7943009996365394565,-1790933997600582603
253,756,8562933842488566823,-3214601233003749352
253,756,-6836462840901448946,4937977952839945567
253,756,5222223283310773148,-3343483539458247414
253,756,6843623374829337460,-6967797653048770468
253,756,-9217815895194418423,-5439541529866223494
253,756,6728070060549546395,-1334853919923709654
253,756,7684958129742121928,81163520530183867
253,756,-349801321373627982,-7466824007066384359
253,756,3140764084748869301,-5926215115375999459
253,756,-9205658684121533625,4893667356655963223
253,756,235206951980216006,-8212097516560540841
253,756,1694730802929601310,8849218769283170486
253,756,1542247013970739515,7426881764108905951
253,756,-1328562769360469693,9095819710674999353
253,756,-5838824295485233550,5533663906172168601
253,756,-2207337879048632871,7058179675797732898
253,756,2363327462913275872,-7007128232626569264
253,756,-1261128121336799752,8300246908332375816
253,756,-8175306086527907711,-3337935774776926406
253,756,2208793143763200413,3230335522259025381
253,756,1086167384862598293,7794307363822804473
253,756,3247747147348394888,890789177376313597
253,756,-2837636605145634595,6381691881964944357
253,756,-2702312398937217519,4776586162327566567
253,756,-6404403411233464739,6330136214895156021
253,756,-7513128474727158777,-2569066391936183520
253,756,6667675522986588065,1365664818328862554
253,756,-5792944138389642756,9001188524023056097
253,756,6764442636852842822,-6523309321463736926
253,756,4802881186801046895,6923058447266133489
253,756,-5814992298508573035,92771000411133168
253,756,-2396555322480452794,3352789956954148720
253,756,4311092542912255370,8282242026896536760
253,756,4179076742281433783,4438973512929142063
253,756,-5323224762313522585,5906040859757942610
253,756,-5697304515144517415,1141903442551732293
253,756,4827242985880309410,-5467247241504253025
253,756,8514927712662246973,3580911993099210554
253,756,-8321232977915619299,3489833885406645134
253,756,7130471682146117636,4024306409158935643
253,756,-6429897605955243577,208155644020388650
253,756,4611515620390795612,5459714760729480030
253,756,6052768510662732975,5534871625549589519
253,756,-7169029037195425015,-7478678813317331051
253,756,6985890357539893277,2927367359984471909
253,756,6475457169416133658,1539111765654908266
253,756,-6294337714386323865,8409839930061077128
253,756,6760140806405865972,3243741899178566707
253,756,8369969806326694232,668597805054778920
253,756,-8595850770999280151,-8855986795057362777
253,756,4179842896951235500,-5600375314438626602
253,756,5012290569584507061,7817332989326946528
253,756,3270425225432849605,5135015328226263075
253,756,-3520004133140214374,-750632816901266930
253,756,5271283500260570454,6537762827782366972
253,756,4812275165817460358,-8572307304692228406
253,756,4230090445838658090,1287323645458384667
253,756,3467185767215709877,-52686511034949983
253,756,-7396849765201575866,-6761730803568741001
253,756,-4283212247610916515,4933466338079585369
253,756,-7778368737248201340,2573775623205537745
253,756,-8831071261708068725,24849020704201404
253,756,6968393900296729152,-8622191270461351624
253,756,-138405590632683308,-6194588084759294816
253,756,-9072551542001459317,1869815810947445490
253,756,-788430294842944418,8582858431802894240
253,756,-6928952679517148842,-1888874909390807711
253,756,6690514143302727362,-8697417587975227369
253,756,-3525286880748956043,-1006963120712489285
253,756,-2926781453394747111,-710560474722609566
253,756,2327038883307209735,-2587384656221020529
253,756,-5555641975675640792,949764205898506197
253,756,-1900811172454893096,-2614034250316022644
253,756,-545186463181641274,-1204212353462556839
253,756,6953063892220721253,4676571379710286088
253,756,2927208543566713334,-4593715135609089121
253,756,8082332740543014180,-6276967451851247797
253,756,-4961857055897307482,2547826199551795070
253,756,6496307538959689117,-4423283597408792588
253,756,9142321947766747942,-308313974433813191
253,756,1551489118986224867,-3509571429538661894
253,756,-1909943395034845815,-1077252121332376859
253,756,1705462446685421926,-8738453178295546594
253,756,1145691601065227986,2839114804649262864
253,756,-2998548661393890953,5464735550958756071
253,756,4053784012209560424,-7070321992123638645
253,756,-4679097984223668210,8044887700996504138
253,756,-4966569877312189624,1475931483195498392
253,756,-3220511182840174906,1262184980832349617
253,756,2951520577920092094,-861160835932071854
253,756,-8423053648290425316,-8436492234923923607
253,756,1008857602554825454,2872663374947418197
253,756,1900852207692470362,440270703874262172
253,756,-8106990781247130289,3178773038477486113
253,756,-1763558391136353951,1178811476015204182
253,756,813761139758176106,-5928912643971771248
253,756,7238009707672518427,4647061796044054457
253,756,-2007153992585287681,3675283044460587092
253,756,-239040433335607309,-319648634074594310
253,756,686988210989427694,1517330585982944036
253,756,-6000378266267873493,2003680157182850146
253,756,3051652107784689963,7542471879467632340
253,756,825320382278711339,2452863098532492312
253,756,-5601006705302890956,244019123821278072
253,756,8099682553363224599,-8032174546945420256
253,756,-8158667946560317556,4081682033215300870
253,756,1113059565871278093,-4594543156346902549
253,756,4478638704576380644,-8868940939675616136
253,756,-6895868394492765301,-5420036534624763633
253,756,-6946093487375334305,-824281052099857964
253,756,7606211456839736536,-5739734507727317239
253,756,6719198708925085237,4403112714543701065
253,756,6069436531479598508,2545817752243064951
253,756,-4903488712465965247,340312762575980823
253,756,783697834145931401,-6062636079135158438
253,756,-4909084482149337183,-4779740952035985221
253,756,-2689237399575404675,-5355818457199905319
253,756,-4761320375215970729,3372470547663241566
253,756,-6497423633032674580,2592009294990670450
253,756,1894766219744225379,7191856953534791777
253,756,-5693253235668304959,5043980317796698046
253,756,-7453321832203863782,5986048277460746176
253,756,7226572194454456430,-9161838541504219010
253,756,-1340762372312370482,7695035367888560717
253,756,-6363165612025385755,-6373513406877606136
253,756,-7740761433511546031,-6515772317169536374
253,756,-3594256145801850101,6785688909067270968
253,756,-9112030768661603049,-2750931202584764185
253,756,-2169326641693440490,-8388814165375430829
253,756,-1711206607700201079,-2259538056100328858
253,756,-4460227363003121122,-4561575738906536973
253,756,-5861837071713274139,8350077500120982324
253,756,8992751186675631625,-5865725686832497785
253,756,-2650138705642493643,2712047409976508180
253,756,4321028633846283450,-4073028850940235774
253,756,-2094843540830339485,-7550763708456574597
253,756,6765243761539737251,-3300815523138933812
253,756,8556561404879549243,-745543011297476311
253,756,-3629600969089225721,-7590477365968616886
253,756,7622769741262254936,-5801123030290011293
253,756,220000261101758733,-320580781138116011
253,756,-3357505041086548688,3325527943331435526
253,756,7543642238518149682,-7964613305449335213
253,756,7169732765960310779,-2966164247691908461
253,756,6454681200722900130,2746735819376489505
253,756,-8802226885916912509,6489321774997932017
253,756,5607032272100206647,4425141506393904974
253,756,2637682376820749321,2241551517632723919
253,756,3873535574210104874,40753976687874961
253,756,-4182356876183143502,2655411179643125669
253,756,-4977374826292724568,3107133747813078557
253,756,7486099423081344743,7176324778935496408
253,756,6685120281667372395,3470902764551390207
253,756,-3990126105939186286,-5729709492295689202
253,756,-4125646884286237368,-5122824864976946821
253,756,-2973784782195888222,-1701530626623129239
253,756,-4490819064578774173,-8792070115908559149
253,756,-7872994931544271599,8124654486906357020
253,756,6994664989445510015,4274829096824550376
253,756,3383163391164295085,4631193204052030021
253,756,4984055793902042192,-6467890554177019053
253,756,-1010115150690042646,-8863295019736517157
253,756,-4600823563578791049,6099490157486045036
253,756,4669004958383988938,-5731352792448346024
253,756,-4789504329357232486,-3043409001232082395
253,756,4872652975743740373,2678845161026952971
253,756,1936647973482695826,1271428087140086626
253,756,-5180018814924175579,2637812831149355011
253,756,-3625507497597686038,5592239838066553230
253,756,5074504396829646001,5840315068732604839
253,756,3853932335334184536,6734378207939066383
253,756,5388847446032780354,-9095862624936728428
253,756,-4487018572808444242,-5529049440828907395
253,756,1049651938040568027,8356693450574584337
253,756,-6443215134164927700,6165193361756027134
253,756,-1699214768266457853,-1165707705005802940
253,756,-5341997200385914798,-2609313934317519642
253,756,-6357973901936964973,-5859146655505434038
253,756,8590126727198618727,-3658274015923198404
253,756,6382814651899881544,-4901805199470195462
253,756,1762694301512198320,7069006499939564649
253,756,5547815406620388003,-3804493513962545126
253,756,1804023802732400291,6588152135620407829
253,756,-3660749150469716026,990682958110199491
253,756,522142146718346753,-6898772918182576315
253,756,-7811649947409352138,-3868200544359831045
253,756,-3405921107464923388,-5331045296236025770
253,756,1136453594331787457,5929526629440146657
253,756,6250328362411550521,2822861079697598914
253,756,337100082416724478,4471281658829720938
253,756,-5799504229044863830,5282791881727003660
253,756,5826318036321066663,-6346203566313073246
253,756,6540144651865108481,-971172587405536852
253,756,-7269427359648270253,-3328710844937992488
253,756,7266552924178738730,981070772771042842
253,756,-4914879706288317887,2274453382767784188
253,756,5413951674932938333,5416006173042439406
253,756,-1031992436895720840,5668961650526089332
253,756,1154846582536050191,3481397222630462215
253,756,7348784394107822434,-7738546540236963007
253,756,-717859072163288568,-1982633685993614145
253,756,-2568592294041256084,679795430090623987
253,756,-2098883782521004395,-1344315480058486600
253,756,-4010616564472476802,8840761384322887898
253,756,-8900966319231701221,6013852953640134623
253,756,8566755016494882574,-2489751665383668955
253,756,-8898640233367687599,6467953057645678419
253,756,6188329432141125740,4262823849809421564
253,756,-2025531278767398344,2071683847537551369
253,756,-4164068824242543692,-8983417380536854413
253,756,4612974050987189413,-6337489619177346964
253,756,-328795236152211164,3374276697521455805
253,756,-3886712934665278705,5280482520057175597
253,756,8725415347144888322,3934252377787772431
253,756,2610805898701438397,-9181619402998987954
253,756,2689226134903228537,299470734374734924
253,756,-7095992172198663471,5519030708358369753
253,756,-4279568018497419271,-8352882996102591036
253,756,8510794764613904818,3285788488084636904
253,756,1673239108234013106,5895693076259917399
253,756,-6513443321597297397,7570479957214244708
253,756,-6480604542684984680,3354738344159708629
253,756,-5381712980974192777,6451742335392716608
253,756,9143159711215229668,-4607344305931015463
253,756,-3643330273615123036,8629701607883195673
253,756,6078809374648700977,-6827635480244570532
253,756,-7205126365924660494,5208520997795084743
253,756,-3143033837531721837,-5464279117370884309
253,756,-1963066205362891842,1638819383355914044
253,756,-4531876578304918008,1592854025202550858
253,756,6327804737908600131,415313907733772748
253,756,6007251873907262709,8920951050022973546
253,756,7349468075323677182,8393832440769810526
253,756,572190476960315775,1796570110613473855
253,756,-4644860530560988803,1076292740445240596
253,756,-5294742597028655745,-8118455251309638281
253,756,-8541127670798408795,-5288247628037708509
253,756,-8887916966304628424,-2673279459049737623
253,756,-1399713849324304427,3045994696124364589
253,756,7363814969414916990,5318601773145550802
253,756,-3163170000112618585,-3606943297709223934
253,756,-600007556401653686,2593493409266286854
253,756,151049602261728741,-4042511034998627765
253,756,-7485147117884985467,-3029592613615331072
253,756,1507410182477712186,-1935637673270512123
253,756,7367199129792919178,4698727179999337870
253,756,8577351858772065624,-2248339703551982979
253,756,102707929796592832,-6872228616658679328
253,756,4627978746662329504,8874741797508896754
253,756,-7803306900071999246,-2715852479322730755
253,756,7998960547476862795,-841374836958937896
253,756,4098961935123868631,789384699142353689
253,756,-3460151631871950007,1515171857644948181
253,756,-5370642834695028086,5269105899975887169
253,756,-5941007774654529897,-3830413268240018652
253,756,4627087688880787134,-1119930750052421229
253,756,-1167104214121419565,-5076655671430740017
253,756,-6189957991815064111,652431620586648340
253,756,-1661829371352719922,-8554794306076035086
253,756,-8803371519749693948,-7803995313371950707
253,756,-8247299206120049088,134874266657110805
253,756,7514285384147106855,1303059803529516767
253,756,96393020575573652,-5957380955148166963
253,756,1541309306304171059,3148104160375008411
253,756,858735133814486879,7903527769940152089
253,756,-1046082883245005127,2301296883725997243
253,756,-1063987804526284726,3228554393433429276
253,756,3964560871562541636,3288315480714735688
253,756,-7106826627967907000,248205152399459071
253,756,7266284121348136454,-2171799890375452638
253,756,1542696338570307802,-670754703533141526
253,756,3610187523795738747,-7247807514617096344
253,756,3870401060817410840,-1918043079971789613
253,756,4390609617148739747,7906040177204739172
253,756,8603068375138971576,-4273307431465023915
253,756,8328209977169552159,7255470325526401836
253,756,-2251273242812159089,-7583507556350140174
253,756,-1935451259174666489,-4792549101378481108
253,756,7003516592828913862,2467876937240023905
253,756,4111418756843717084,5349843476243075127
253,756,8984290168291145519,-4482415020675057451
253,756,1702739054131489715,6089732664687845024
253,756,7092931290793693727,-6914201189631238818
253,756,-5257833711981699589,2302872387614733444
253,756,7910885041306412048,4741396032944423002
253,756,-3937735525967125964,-3638207956922985723
253,756,-131301551062279315,-5044345272214348214
253,756,-5082938984357458427,8942050701845209182
253,756,2637340458477138005,1412362895268696953
253,756,-210230452421185228,2763087544200684526
253,756,7988133927918679869,-6777299041330036592
253,756,-6520110042778404758,170713007932520255
253,756,3704192111503450988,1620737799216539290
253,756,-9141396437765460581,-2164588987682091555
253,756,1869213585674374526,8153422363970609161
253,756,2019469200130370238,2832088544461568045
253,756,6810990139577970784,265847124741926029
253,756,-5110063460855130725,4989584762060094971
253,756,5592198407847688252,5938638992361119699
253,756,7163853260445968608,8855837602131405454
253,756,5953521472762757219,-3449085632831591145
253,756,-2252634507326303208,-4850852362563431960
253,756,-4459738327430917834,-4105146682112426282
253,756,887774574552472164,4400192973020304069
253,756,-4612329255764790009,-4261725435944627502
253,756,-8194230752457887905,8690076945806343541
253,756,194804139424288114,-2547418880049103950
253,756,4889375311534452707,6835582914836159353
253,756,-5333075278137923099,8783744532484122195
253,756,-4476837343827960398,-6722336500284966730
253,756,5410862860410050661,3422597390540996206
253,756,7242613523920364850,4796984010980345715
253,756,-5877450797895785731,-7203552043826809352
253,756,1996300645652231237,6150183574105322860
253,756,2637797026706739262,8690635068750385095
253,756,-3170827307786054586,4376707663303960950
253,756,-3995060676916397793,8749784275481405731
253,756,-1978017152144921506,-2528772560046952196
253,756,-2154424920200295074,-5097272365337663177
253,756,2814530759572874136,902506756666649577
253,756,-206054686325206736,-4637683557266639955
253,756,-2573445041403388940,-6357639667716648275
253,756,-9094258648622104367,7928778681193000816
253,756,8950242936967799915,6460990404055018888
253,756,-4294177330503377231,2932844055191847612
253,756,8580218233534530335,-2249211339830694068
253,756,-2487950224910851435,-6182495703150082803
253,756,5677464012870285622,-906552326926556897
253,756,-4271332854157661696,8032036467129775837
253,756,9187553227204668024,-8028649161916085672
253,756,-6594783111197578529,-4838834219373826509
253,756,219188849750819328,8006868801527927981
253,756,-7250947461752690523,2273382070338798649
253,756,1020746712188871987,-7690177970853389142
253,756,-7593574827978254125,4022067729335244798
253,756,5018415072885450447,-6291152378197625762
253,756,7303940550967732508,7543216229593259734
253,756,3005168997124030514,-7895884358513616443
253,756,5912353064946069851,466918172885935274
253,756,-6442781681673932598,3161129656289216313
253,756,-2158709027915741122,234955901801269130
253,756,223668072602765028,4966566662473180291
253,756,7862777556552890058,-1946146714012555823
253,756,7161211347740650630,-3315339952378875700
253,756,-6520274315551956694,-9140450728284988243
253,756,-6852380164484768911,-5969876425548846783
253,756,1817993139166959708,1309637193116958062
253,756,-8220183359959249611,-2907069266655368848
253,756,7487491241141757328,985401362191115240
253,756,2930232617161749406,-287503713560828105
253,756,298565069307972233,-1961337842580042538
253,756,6105693865512238721,7972040075858888933
253,756,628427401916159900,6178302769661489931
253,756,5797208988228305460,6435324322156629922
253,756,8179794597132317128,6947100274833593856
253,756,2219458114271704378,4998950365499265324
253,756,7138050383161267416,1718657322666270922
253,756,4476664302886366520,-7858134392051828475
253,756,-534366744333964642,8982102384482760405
253,756,-6185265998052404309,1325251224208906709
253,756,8715303156243592553,-2731637283444707240
253,756,-8802439834868537008,-9053982017506218516
253,756,2505449719502297782,478878691036042859
253,756,5386394571792456448,-2680332273636527606
253,756,-5502212408108089331,837437249147805983
253,756,-5219254864229463660,6080325659631459830
253,756,6307073763193173420,6767872535604058897
253,756,4542481595411692754,6560415572470716966
253,756,3363849339617148186,8851353269103014367
253,756,-8658142600280642747,-5697974922443737746
253,756,-3724712184461660025,6835425264886918363
253,756,-5262721965339646110,6580814249918542119
253,756,4703525891443270396,7565330116967517439
253,756,-4247065532924105874,-4609422128899617191
253,756,5037873922427492001,5971288569863230924
253,756,-6837484698071674643,-4398048611542577887
253,756,-6916900900409993092,900290541848744301
253,756,-2348088290468007264,-2433806199725940661
253,756,6592750151071063217,-1972057588089246759
253,756,8621946706542021508,-1898878431510447691
253,756,-8610789007430508398,2925448783807762807
253,756,3164134066849771575,184424823457626316
253,756,-2758267205285850423,1741955202262341474
253,756,-1063393994852617032,414626199505244651
253,756,4649959561283610426,3555672683239710564
253,756,51921435945356315,43278807514733420
253,756,5834635434654228490,6070973098048279285
253,756,4289978361954467457,5811717103132880993
253,756,8556827858148353946,1224829186058296329
253,756,2228522770390929499,-8192704079588432288
253,756,-2108240014973688106,3147221041493704149
253,756,-6246516425518699078,-3447020807090113480
253,756,-3252074565078027234,-8628026606116004982
253,756,7807100717054187923,-8589867539309811206
253,756,3808194367539181443,-6868587622919304771
253,756,-6016723949803342712,-3104816118751095088
253,756,8400980706725623358,-7663060141095029717
253,756,7721511769440325975,-7068152369571255702
253,756,-5487417079271418355,-5619568610457752830
253,756,261763081967429504,-3079343040929264397
253,756,-9173478643222120749,8791409031706254269
253,756,4073462667402049344,6149590715204580187
253,756,4258702519612960510,8784331477670187768
253,756,8668831865575504537,-9036979776501493793
253,756,-8669793129408162301,2466223198226613718
253,756,-2017331069933823459,605484410405730236
253,756,81308326434354452,49346926054579936
253,756,3471642700235099408,-1262204770268648073
253,756,-8641699373066149309,-1835252783440507925
253,756,3349812538804186678,5783220142403144553
253,756,2433784535840088797,-1587142004876799452
253,756,3114710615575350277,-5166672164829654606
253,756,-7198332990663391346,4771572518872667232
253,756,-4497932585889737454,1497068406048522379
253,756,-3668969497276965674,224327351620017255
253,756,7995612507189939413,-6263829271463422350
253,756,-566197107241188415,843487800378299530
253,756,7185530146463611664,3064044402266196708
253,756,6375506992493910624,-8373446668261135744
253,756,-8619201520067915905,8215940260767550809
253,756,-1667221589071273105,-7181895421653060390
253,756,3047032282669440551,5339371538106664375
253,756,8492005432493551123,3200834370367144928
253,756,-484633071042025346,7143892088468302878
253,756,-6674609380521518423,-2049620803068050124
253,756,7682358647546511777,4622774753108532844
253,756,-952610171668452534,-3336314013342934683
253,756,3083686058972631131,5355381654321525457
253,756,-190631043140568591,5068596209717796119
253,756,5831816492385880687,6948673816795964385
253,756,6122419007995980265,2283603845635566402
253,756,-3451235610541864001,-9117081722598656275
253,756,-4210206608085407425,-5692063390262248678
253,756,1986010928002315935,-8378101881343496791
253,756,-1118260757395676315,7548929891428609698
253,756,-326553550310912975,8752081750699335325
253,756,248399669394047241,6305494222058075903
253,756,-6953925632776176947,-4429467597229842492
253,756,-7023085558696499645,-2637839528021860509
253,756,3342279317786944729,-9099562598136633089
253,756,-7246980222334768507,8681003023432073414
253,756,-159046537175670989,-7881349131317722447
253,756,-696158196604939386,413443766651607848
253,756,9145463664973941375,3856093259207612063
253,756,575486448849662168,9203715825348061950
253,756,-215564803234397864,-6025709005206202663
253,756,-2694281384362142644,-3891872465444379537
253,756,-2861113727773113880,-8351662112687062960
253,756,-4268745387566840575,795120745967772288
253,756,-6734341977196611465,8994304404590514719
253,756,6424658405049147638,2388457775680887723
253,756,8765767044880244864,-3583003886209707957
253,756,-5844280058215107809,-8042599153468663972
253,756,-8637928632693152321,1205814407502591123
253,756,-8025041526197369651,4901248417816450917
253,756,7574671361991672777,8924494260415287709
253,756,5164617603280465305,-7035688196613042592
253,756,-7000779916834649878,1131407100630882472
253,756,-964553396015183731,3070782126329748001
253,756,-3590492535025236783,-2163076579948750639
253,756,6487508412315009960,-3153436821843778600
253,756,5522312202893665,8900660762624319236
253,756,3409242065319995949,-5775617331262417097
253,756,6375134588708307281,7025165292789733877
253,756,868287416906752362,2844792086717682732
253,756,2618018602165150053,6481850165118125569
253,756,-1598834998767877956,3196235791858446580
253,756,-5761740069191305393,-1018331561015049098
253,756,7576826396101346733,-250543407882839960
253,756,-7013714704803537134,-2869461195660271667
253,756,-8982073315382954051,5613504811342597909
253,756,-8724414829623441986,-8142146883635293780
253,756,-8273361744743421906,-2109565279857165442
253,756,-1678907963681328028,3703262409869560647
253,756,-2328445363758837733,-119563618908555440
253,756,-405249449535736049,3787008622974799679
253,756,4696731686783982037,-2432870408299364269
253,756,-971355003058509748,-4754250366160959725
253,756,-4808445032094107533,-5298311802414420116
253,756,-8644848461130828950,4466521902080233943
253,756,2786696538912961886,8927840725180593080
253,756,-2735667177950391440,-6640823284065517489
253,756,-8377027574926175508,783906655408919591
253,756,-1546685023552241126,3109926469641738805
253,756,3320510826731648137,6819141883780259076
253,756,4467332101557764919,2524147770700010487
253,756,-7855215795053912913,-1265243928454472621
253,756,2377567884818271810,3928554237180718048
253,756,2858694103855715389,-6105173829168762077
253,756,-197197684316978017,5859903164857844789
253,756,2060045241817539007,7250114946177298185
253,756,-3251201539214733409,-3403828702701363669
253,756,-8010324470952370885,8694284610070949580
253,756,-8117490782018085177,6266722915867240968
253,756,-2796222871323928656,3756124307805515215
253,756,-2549021801933090175,782586191892697221
253,756,7074960953235389254,-8495980932774131877
253,756,7973413691272439177,-1521257907735273419
253,756,-517142840750103322,5739342751809331017
253,756,8172555619422398129,1978534992287070263
253,756,6377287149676899144,-9204840550493032079
253,756,105491559541706387,2089707975120509220
253,756,4051747567237135038,8350125034873485023
253,756,5405249314831385666,2736486130162071722
253,756,-1189889572648824047,8654680573735977864
253,756,6014721795068826033,-4130712995383241845
253,756,-8374767809979522458,3058251484258167602
253,756,5637293247909206052,7686019660907397652
253,756,-2033789639123043020,-5747869280797951862
253,756,3662581985478688056,-2369419123593570836
253,756,8996112518463579234,-3808444229113652456
253,756,-1846687636100948642,6729020623540859339
253,756,-526998260445383944,-5293267882683392127
253,756,-885772661669472515,-2737105229809876369
253,756,-2420001167002511231,-2815956646829381009
253,756,234454501918498545,-3901534510531005176
253,756,-7307526815378585195,5036041391697549797
253,756,4019621863181597216,-3899866112252402847
253,756,1860225596783083885,3960960738736488453
253,756,6553634899645732581,-273750011986785009
253,756,-1925679920548457355,-5062867510812202728
253,756,-7288386568362315888,-5325737297097119537
253,756,983451248008955365,-4501885300614256169
253,756,-7703200027344984956,2228877279347247701
253,756,-8860776544105237098,651905049546455650
253,756,2897217663617073910,54703684566550083
253,756,89307705589811728,-5553701668612505531
253,756,-3213919623621807745,2172956604289111695
253,756,2146479109790963159,-3139592957274286709
253,756,-6828624445036467762,3892050699229544686
253,756,-2291856292069508115,-3273602330540399096
253,756,-7674407180900077727,-99654264252724180
253,756,-5024621966264963890,-4517952935297342490
253,756,-2670767792204694885,-3165520898786849412
253,756,3434630162497374679,8996688398166682069
253,756,-8645641942482495254,5104620862401199213
253,756,2019457394429799381,-5619362698354034058
253,756,6748358613989279222,213757251337100138
253,756,426731787147793934,-2248041628931745826
253,756,-4773641934157176232,-3150429906649271992
253,756,-1426083944687727434,3566222988919768285
253,756,-3448359116105582232,2681446152657860079
253,756,4102961216696489429,-8787140341699471170
253,756,-1397089333668798923,-801532757806824677
253,756,2922817687873279397,-2724565754287859356
253,756,8288722283378224345,-3135166507481631148
253,756,5002139827972077310,-8932493095616527068
253,756,5274830099757544622,-7461220237965636335
253,756,-7204545862173145879,455632065700756740
253,756,-4229273903183709923,-5388017643028013482
253,756,-1598242897049838587,-9187195367139701675
253,756,-8852775193920263079,8228377184876006806
253,756,804775414931366264,1521343331957086681
253,756,-6796831725925692618,3218098225404745252
253,756,8300062309531771077,3989256023566222669
253,756,-86817281264032156,6906457154355774406
253,756,-837921538902240546,131200351982735627
253,756,-550745406885337896,-8906278585629138234
253,756,7091744548709348775,6821858583369398709
253,756,1425623040392220587,-6860879413928263463
253,756,-1189314818985459913,-2694118781604974486
253,756,7882161460423854758,-6708961201782530211
253,756,-3423496606251205816,3615323943123329313
253,756,5646876672843662189,1947501006521176849
253,756,-7529182497216794924,5639090787381118387
253,756,2611250698670863186,6089431699346595814
253,756,-2305829860428333186,-1270321170412325616
253,756,-501309445315744867,-3038977542103541899
253,756,582460447409263781,5066444823837458010
253,756,5234552683246964499,5098970170652732113
253,756,-476027746811189465,4181763477567812306
253,756,-7624105062579015014,991169917098342061
253,756,-8203050561582185608,-5303486584173252346
253,756,8947001034529901726,9161548852953741937
253,756,-2345743590008921581,-96544669645321980
253,756,-8170760335108962589,-36587976514153754
253,756,6016513214895827920,7134216538573890906
253,756,-2967857676357137366,-8286750547258961059
253,756,-9079538640149894752,3449232622648591324
253,756,-7703743926795874325,-4578847654793113298
253,756,-3629604215583964536,7912741794223282937
253,756,-1608443556260896138,-6256944178043778656
253,756,-7723226507038363815,-4014151212667682892
253,756,5806264978508607430,2538296335700475834
253,756,20093220924081795,2515045374350269144
253,756,-375835073257304770,-6673408361543536012
253,756,232319906946745060,2969605651304492818
253,756,-5526681100157797348,-1294136011756124666
253,756,-5198197542764547890,-7711527373760365337
253,756,-8759713399353563273,-8338613083532336398
253,756,-5902192165439973791,-6676339550526816644
253,756,-8080303053708579916,2795963284890314879
253,756,-5218984915485966942,4989050252975898819
253,756,8666081563810891366,-362420448988161439
253,756,1469754906669670391,-6151815238043738037
253,756,3838139667699429668,3582527757774665064
253,756,-3192133657945575185,3693238560912896282
253,756,4138054238922830784,3358985175303571320
253,756,-3235526525448155431,-4638649494471452978
253,756,3962005042443925762,7441663772077117644
253,756,-2561696595329181746,-4844969410618303737
253,756,-405807311974994132,2172139230722789390
253,756,4215185039876219221,-9017759560910773892
253,756,-2501022853632830293,1689862797176372944
253,756,-7343264674336150628,-4014731783120779608
253,756,7270925063465903894,-1779916691282981950
253,756,2219339584430168417,-6272636118505205957
253,756,-9178553984341727710,3822837108212916390
253,756,-1372863586933947279,2073969173168045470
253,756,2566323950451380435,7209382107740905187
253,756,-4208480413544634270,4958628404593509705
253,756,321583412208447272,1874659129541958553
253,756,2867211455870875874,-445051057832162650
253,756,2495740725422643504,-3095151428870561307
253,756,-8817913156969328599,-8398479093383446163
253,756,6733975745690074138,-2311418269703709677
253,756,-4394515774161129310,-5256876052158035635
253,756,9010804322645743619,-7982345283453979445
253,756,5597629857323640042,-1208301721311394004
253,756,1747036599451518733,-2018773017575984041
253,756,5600138825923082973,951001393132547446
253,756,-3540131135389813166,5244284961013346078
253,756,-1668771854118183198,4140570341560772719
253,756,-8790798297903820171,-100349406551981653
253,756,1038018498377001579,3241701534039350352
253,756,132445312381080144,13829163624790118
253,756,1698545801216458777,-3780993286459213368
253,756,7980833083086246648,-8806149168105748157
253,756,6422206505382648615,-2029860052243789365
253,756,-7404130207189732610,-1689361845609935368
253,756,4000960472917391462,-1494868389507937939
253,756,-6237632404060246523,2899676115039193949
253,756,-7288909118688216456,3433737231845627620
253,756,-1631151365579006720,9163308485581481774
253,756,-7064117185261699043,-4119081243255905817
253,756,-9025823069764410241,3888071102765660315
253,756,-1759816765737622732,6596467211849248143
253,756,8834834708310472894,6165384614361927411
253,756,-7990157606161274559,3193863229878172286
253,756,5707029812537594963,2081367375778014488
253,756,8862403461154680586,-7640995268972605223
253,756,-656835368109951642,571094571840922235
253,756,-5473860350013400285,292165414553274753
253,756,-4675400521908083614,-7487381406471005948
253,756,7311497921421145344,2845667957359256760
253,756,6029587725575487948,-5012554053571625805
253,756,-1767682083304990267,2618325823775115702
253,756,6007916379178207125,5132186330597406617
253,756,3927563831823831704,7297041463943276837
253,756,8976934297856639799,-8204317095140504442
253,756,-2825487751322265786,1508457783666674716
253,756,-740516242379945182,3817531256555030454
253,756,-7571982217162183495,2363987840379807047
253,756,-3560514723476120999,1129037740062561039
253,756,-4057556790982312471,8340643477324628797
253,756,6849395813842991157,-6606329375694377287
253,756,8957108297429533429,7499246967561786928
253,756,39882431802137165,7627686773080793740
253,756,6916774768415228358,7537599442350647873
253,756,2035536765433887359,-8916883866580129152
253,756,-1434318297939472894,6186813888322964539
253,756,-8647056879359822069,-7851201538826949064
253,756,-5514810449264771944,-1937242592209715965
253,756,-6062372985743554247,-451232131864180423
253,756,-7777055471225571247,6643803802008955960
253,756,7489754682998120958,7370443487741146000
253,756,6410842630798765513,-469242991275696502
253,756,-7207782368419450407,-8333961740364974132
253,756,-5582566635679755647,-9082703174150415090
253,756,-6507929584164321741,-846991815707341004
253,756,-4735305286371907266,6133786702578885966
253,756,6224956888849107462,-4091841768410105182
253,756,7927234480813501749,2419876325495417283
253,756,3741890482458229634,-938723202835112636
253,756,3212874532547744664,-6747364575848904508
253,756,-8244283269955268518,-6373734584857865402
253,756,3841184153112663072,-936795203930413866
253,756,-7759307129249790559,-578012889208051526
253,756,3941407806904073453,4164938025697170775
253,756,2452602464306210487,3089297841920126280
253,756,6294433940684307055,-5186215280721943678
253,756,9083176773493587802,2773970511738586887
253,756,4667529909703978629,-7502377025703115510
253,756,5389577750623782091,9145665101045579699
253,756,8414055881595446454,237684801499945386
253,756,8042473516952016651,5332276640157274504
253,756,-262335992671905152,2191502083207817462
253,756,8185635336088405579,384056707916100117
253,756,-7488194191372889208,7032608631475700207
253,756,6155535986190406869,262038367242292084
253,756,3405417829917815666,-6009935243984761839
253,756,-1850334896722572629,-7599728742229625457
253,756,5555924287460335802,79600932295846434
253,756,-3327035601010627189,-641438616275484422
253,756,2961589007495556574,264014842900512957
253,756,351197442468385862,-7861183591252864125
253,756,1210929910024825080,-4231267697823382015
253,756,-5544928078682573256,5170424688851016971
253,756,1374086172759144233,874335961432442485
253,756,5193393161722708357,228387771856649202
253,756,4195801201945164051,-1135842510858823703
253,756,723246294806756091,1516661740920786076
253,756,3955939657232190164,-1038395264409860197
253,756,8986084308006914548,3206495034476144362
253,756,707686619958777749,8480684551450350270
253,756,-969476733358331048,-3654072482139778912
253,756,8089040821330046425,6317804166426482297
253,756,1847163164053474744,5779989191346937226
253,756,-2045965804283535694,9196096662029598022
253,756,-8531256394080967384,5762648723297750466
253,756,-985444960107392538,-5170839143130710103
253,756,4587452546961918756,-1641788918855574624
253,756,453272692959770864,2193835253446095026
253,756,-1917474971732111140,8489896550282682449
253,756,-3402592938020583655,-3511058778974409030
253,756,283937065294000324,5414860706753572568
253,756,4388620616956129419,-2704743435370620709
253,756,7838604689845716932,-7661099722594453768
253,756,5267872941070714754,-3119626752830125423
253,756,1544213467634332441,5508850891272101712
253,756,712207978370371288,6133855761624701852
253,756,-8077198367937174741,7158488127106230160
253,756,1341813520384242829,-1646433827822436082
253,756,6931255466412708947,-6473866184609899336
253,756,-8459122399535528185,77389371413628251
253,756,-9177884420197971573,-8241926156352225773
253,756,3302559852269281954,-2316217370048052159
253,756,854503996298237208,4082263472038635204
253,756,-5147799567873457706,-5186391104450983575
253,756,-2197703689935269327,-5196044197726658891
253,756,1000585623476410688,-2863494589469671846
253,756,761707730783186257,-1817714753551364948
253,756,296883972591857861,1441968480696838315
253,756,3103360636791887674,-8895900004394694412
253,756,4989839909886876401,-1051189303667370577
253,756,2790657182134804828,-3555916603619670791
253,756,-8436037226755149602,6617455599393550602
253,756,-5212034512310842040,360034600915847570
253,756,4808012172306765311,5641487546795985473
253,756,6229197378596438284,-9045506343725833787
253,756,-4052763391057811859,-6948577752381494128
253,756,-188871535745171265,-1430514203904261553
253,756,8211315601915365616,4527676002654260621
253,756,-3705121570229201593,-8230337819793739875
253,756,-8749666668861109066,-1859951705586789689
253,756,3175075067687705466,-6688469814744064742
253,756,-2975739058268790416,6782274218564767270
253,756,-7847671817417138288,-7151838232508189934
253,756,-7510432080929068322,-8542588148831577465
253,756,-5196108570887464196,8231308331943190821
253,756,-7116670545734479893,6666452191288688
253,756,-8493805040349458797,-3064485214463729596
253,756,-8938342745370024029,-9190627630024009516
253,756,9207661050598144330,7059573494488022005
253,756,-8484047067430871215,2388209196639540901
253,756,-910741082973440282,-7056334128135997298
253,756,-4958828165705308630,-8148378936217677013
253,756,-2210897935443365047,9052740977136878980
253,756,-987724352398471017,7587316627260122017
253,756,8242446987847442187,-783063621558966582
253,756,-4998699251920953679,5445728226100300668
253,756,-6107772330878930202,-8529652233668043591
253,756,-7994792439088196555,-3314428877138271777
253,756,-5737185227644268780,-4634489382939080683
253,756,7393906381579908423,1878522595144061331
253,756,-7570974016399433431,1702622137579698069
253,756,-2601142181373296261,4877549958731039970
253,756,4076453217812580548,-6912660763715339933
253,756,-549280528501754317,-8360333086808648508
253,756,7743190118708155963,8639441869299772695
253,756,-7806550908593739879,-3874436615725258826
253,756,-7695765659333664809,-3519276802810096657
253,756,-4934154554633831368,951038234673485444
253,756,-2002387280398916180,6766768346367290596
253,756,-105848363616582962,-852842131706179325
253,756,2880407977730482717,6752488906366211312
253,756,3670683634264096963,942875444431337212
253,756,-7694837271569587243,-2345803176640580684
253,756,8776295442768173889,4545330565465514847
253,756,1604677030236978940,518961646539609583
253,756,1916980688769402921,291379868561201978
253,756,-7291287207957231281,-1055424874640621138
253,756,7596736198277576744,-8721634638159606058
253,756,3121980784613021088,973837391761429843
253,756,-1376072912694188787,-5840226190188098501
253,756,4955931603295280330,-6911257219264443482
253,756,-6114004140115990382,-8668538583439626887
253,756,-4670135299970786747,5412860081522338810
253,756,7860402976594295304,-896110695035819540
253,756,-7452226492639625683,-3406041059870212406
253,756,2959100241810711867,-4942688649375037837
253,756,-6861329777530185970,-5922613696588903565
253,756,9082790121067262922,4106948575718078414
253,756,-9019359385291267370,-4574133014919613198
253,756,5292835748109761786,7337659369243109546
253,756,-7094921238564836237,-5716793057560424230
253,756,-1402773231612517940,1492498864229152064
253,756,3159919562870738562,8539761552847322822
253,756,7569788377313296011,4966613622072635921
253,756,2558295328221041249,-8192280097165462314
253,756,7703853975476763795,6233990090252020460
253,756,-1528511814277737667,347129913328036211
253,756,-4423097582246375729,8222418493386795985
253,756,-8756844665838504902,-8138644802911198507
253,756,4119507574463595581,4845558651563470757
253,756,-6052789777687797374,-1080752081160825630
253,756,5398769024216858433,3250891553940959928
253,756,6424009665148681916,-4751721151669838692
253,756,-3404312216408953802,-8728443548599752019
253,756,-6385832199882807082,-4223712872864226921
253,756,2766114601398207092,-5226156421302758156
253,756,-3917677834331161096,-2408163125420473848
253,756,-227478152299811222,1543076036163284175
253,756,7864947554709530470,-4428645350678683049
253,756,690416101227572321,-2215525022314849152
253,756,-5588681184338916995,3413880464513388373
253,756,-4661881242725649455,-5862868866090677550
253,756,-9011515456436265599,6870097624100549289
253,756,21680655618043466,-4944489440136772518
253,756,-8828200178337633412,6305367703464645535
253,756,4776026816781763733,8719773089583594140
253,756,336595900900256430,-2577895557090772391
253,756,-6487917733416313890,5225699292491266618
253,756,4917179132213835631,-5569657058888398991
253,756,3577133500702675505,-7765374496272790277
253,756,4667034208120865704,2794188712341448879
253,756,-8356842434695143912,-6289746178754925664
253,756,-816568600561329086,7229571810986140098
253,756,5969247220636099565,7355307137155883488
253,756,3805833221615921879,-7222728121132170553
253,756,5156335119126665592,7661228060601954160
253,756,5218708631420071336,3753302233166520853
253,756,366993490567666971,7036124899656597135
253,756,3701459761452617424,3994422575534793996
253,756,4395003072991248714,-1067342284252275811
253,756,30886668648984498,6330914147367546787
253,756,-3274516903474796959,-1570514938382125293
253,756,2486862563746923420,4062437641996299767
253,756,436506963315825498,933436656314848899
253,756,-5880302505580128657,839636381128138176
253,756,-4842133408653635813,5986355720088425534
253,756,-4860653451416218858,-6332770973236840989
253,756,-4835988855386911751,2851688955525721582
253,756,-2246473664814276658,-198745232898099048
253,756,2463372794836466503,-3239546993390845551
253,756,951284230320534803,3021130148019083521
253,756,-6575916610442903073,7165674637804014770
253,756,6664820209991453001,-9222802012978717639
253,756,1184701436103523234,6168173777646831156
253,756,-8652386860026213875,-8651658641727806764
253,756,4100214530244955801,-1491039805561693399
253,756,-9067611167676053067,798715851373738783
253,756,-8741190271042442029,-1191672436963868239
253,756,-7750335343122980492,-5795958501285215905
253,756,8344326156921579846,-7801956396350925824
253,756,4982771299013269596,8191654419941105801
253,756,-2096234459062479779,-1004089431223954237
253,756,-208866910882264757,-6999351542357252090
253,756,9154189257554719036,-7919615411333890845
253,756,-7137743295459808520,-340290651243253548
253,756,7887149162346875952,-7272264674905171244
253,756,2082287898196080454,6526321228242120999
253,756,708930169095808435,-1724899728298821893
253,756,-516150828094978802,-3934820729901638328
253,756,3853666619233029871,-7019398218614810928
253,756,-3923019261066244526,3416776617417362098
253,756,-2573969578435665507,-3355996725030864345
253,756,-1782069294964271913,458845098894691676
253,756,-7711386805885919808,-5692506817235640108
253,756,-8671586903196762824,6675214033427789127
253,756,-1477496694003479710,3132058012949017608
253,756,-6671652028125018276,-4113279846453847654
253,756,3708819625450574850,7137208016438952859
253,756,-8719087507763962171,-6363916533649750348
253,756,-2371972696954599137,-3021968534791230633
253,756,6275660012604029932,2071096803055986978
253,756,-3870634647358540485,4487187128501589563
253,756,1508620696031038653,-405507152002994790
253,756,643979982791694154,1138363217748416163
253,756,-5000946373496782204,3869422308954960033
253,756,709912628380657233,2784752024123620242
253,756,-942379315196383578,3469419314883832953
253,756,2087872105269015463,-3847849781618746385
253,756,-5288621560718506994,-8903722165865956698
253,756,3448736092120482729,-8573710262415083099
253,756,-4626011435174739725,-1403586285774852331
253,756,-942358461482821298,1226129482677225431
253,756,3263507679219861655,-3226658563786019664
253,756,-1241274808104656396,6847831148829545558
253,756,-9091861935769628792,2965887520382867981
253,756,-2162685656180860634,-7803697667729178467
253,756,5943836824516554953,-2833644613059441520
253,756,-2702885434655877371,-4502178667635254057
253,756,1489238680159826543,-8433112631733487401
253,756,-1375241896225831798,6144693298681581539
253,756,-6505278476215486172,-4165512983586201537
253,756,-5045533050714402472,4222499456425405494
253,756,-3204245252165747192,383973303365999601
253,756,6174004538240213332,8605625287228099715
253,756,2340127670917377566,-1104683983830251370
253,756,8870632536113834124,-2560795081891168032
253,756,8793681375543179895,-1437767335440826924
253,756,-3776525163455232897,454436395761002984
253,756,-3744713414458781295,-6616166922650269339
253,756,-8744521673936765599,-2083075676578041993
253,756,8113882404039645856,377131386307708522
253,756,-949328788253244828,-6132980075277518482
253,756,7301098625606160144,5036872544679321592
253,756,8383278689968607641,-7901431974656566863
253,756,-6691774476339386595,-8211245003028887122
253,756,5544887099388180199,-3087892157398012252
253,756,-1655654487947344606,8021989789309567542
253,756,7496660009400238101,8019818164510878926
253,756,-6368079739588750604,-5230506724686519471
253,756,1874709904585492555,-4356476812877345918
253,756,4443615024323722931,7529726748146762854
253,756,-6951409290285263131,6399938574006604658
253,756,-8802991304746422678,-465703407696141547
253,756,7174000596961890506,-3026425663774873807
253,756,-7469462002150610852,-5469470450513447946
253,756,-3261864010458648055,-3083214393054993804
253,756,-4776931555394584577,-6124397067182797105
253,756,2017612625509105255,-1865809294723942190
253,756,1632472052875076187,-2826791774483016912
253,756,1641077514820292199,-5167911685053653041
253,756,-1526998079262350863,6519386689147958439
253,756,-7545220380812568268,3395378781409741115
253,756,9132608424261595260,-8057084373824266470
253,756,8894143115988303604,-3086143381590412935
253,756,7701613066855305963,3073373429155894336
253,756,2034811323267944686,7890939407643858661
253,756,3734288203505227512,6289264592300864753
253,756,4956464389963455797,527045388398639292
253,756,8983838087847629508,-8674148245962156815
253,756,-8756179913323991035,-5152689154953024015
253,756,-3304587232767952498,881716968542181491
253,756,7884727772368641405,1710217792145252984
253,756,-1357176774132338895,-3403117418246524433
253,756,6881130365467392868,141210801360788774
253,756,1776893035395706976,-2308580158854434856
253,756,1393261479635039186,8680417760288277826
253,756,-3666634877521921507,8554634740548320222
253,756,989819771565076526,70655147520849740
253,756,1069318426573115732,-1936288098074445980
253,756,-3438438599129542077,2259177872473712078
253,756,7212784894418569899,-439696387755605036
253,756,3415510317406481491,-1918197043931442060
253,756,-3521308784586045906,-1664493841264544960
253,756,4646352402154279889,-1389769471883093792
253,756,-1640721780621785590,3016010848983205007
253,756,-1674719412299642724,-5587243074140620881
253,756,-4671776107719572022,-6063810451672344334
253,756,7319795527846933106,-8443138029505285976
253,756,-170811889891562034,-7989087952226313881
253,756,7063650898337918119,7842813102180263993
253,756,5989924544590482357,5685827450350821354
253,756,-2053172735588558918,-6365892122757235824
253,756,-7207013786599233967,3955307484323764300
253,756,7215642992519346854,-8462445223396537423
253,756,-3880971193798039453,2384706087821354217
253,756,3194929147021879102,-618684938422239549
253,756,-4057919138344340212,-8104833016363154266
253,756,-3601451475057855467,3454220706833322540
253,756,-5807330874663647663,2365042307272947239
253,756,-7271098945434949851,5136932973190802762
253,756,-1910228880436013554,-5474109209459441332
253,756,2160680228635447650,7086982656526104406
253,756,-4822200089699402859,-1992150669331530306
253,756,-1879394562490039918,-1995262201648952
253,756,-7867474462807606386,-2150080492062800990
253,756,3273367566470894171,1744377444529621229
253,756,-3058656581116940982,8335612014420580165
253,756,-3063229843828688673,-8784824043757358210
253,756,3810816627155208974,8190824034036823366
253,756,7050288009292719092,-2726023232436131383
253,756,-6109819757304257019,-796878997473059412
253,756,-7181001297805742473,4259570222626317509
253,756,-5262033243542522312,-8906101637501029780
253,756,1030434000435219570,-8814880807163774577
253,756,8640778864301365788,4419302019297880284
253,756,3976432090299876480,-8794654636173797147
253,756,8894098661941094904,174371852292542218
253,756,-6271785056577723009,-3579426089097744505
253,756,-7755540663287531470,753888132879844374
253,756,4676436608045602963,2947223155683477187
253,756,-9141498233754679602,-8565391215634980725
253,756,2443651437157440828,5729670630361685259
253,756,1466262267103336470,-5480989227006140891
253,756,-6282571009117257175,5144662867210804728
253,756,1966697680795212059,-2809877182753134850
253,756,1895140823803208499,2480438206318695450
253,756,-7709658489864067013,7186671582774592970
253,756,3521319793289102388,-4565412391249581713
253,756,912888102195034506,8389359109658574886
253,756,-8804356214476381664,1424438989662109855
253,756,-391061117571272552,3956373796796461114
253,756,5248432733330903773,7831982924322161754
253,756,6491518185552538962,-9005535952959623828
253,756,-5783927203299485310,8654890908140801375
253,756,5850450528817249256,-510418993047658983
253,756,-6516364579346608482,800541577934648620
253,756,74390484605387276,-5720180880370112342
253,756,-6771697834640162641,-4476265154491826765
253,756,8721212238912564292,-6804969612918807136
253,756,7506172661024590424,6529211710510864120
253,756,6817890426504826013,3260540517742462399
253,756,-330398915981503055,-4651310542931136104
253,756,1028227691111543463,-33115221847369295
253,756,-5753549807404535439,1948391318315667230
253,756,4790047716064159966,5231586436163579920
253,756,3138985153662980220,2541196169782599999
253,756,-6783254845453002067,8651465997729862709
253,756,3665914865250783951,6400314139525270785
253,756,5062025466418755274,8092175342580874476
253,756,-9063504183016892566,3883788093910721765
253,756,6272002365691954130,3379886978568695446
253,756,9069235289224735018,-6279312700576785146
253,756,-4169916543516260829,8384000584341638065
253,756,7439688238705536689,2803655784579648725
253,756,-2807025094176984288,-5593489950681288012
253,756,-3538789838731758613,103531730564153943
253,756,-3989482738319298175,6179443387845382323
253,756,8774898311995855161,5007980448047705235
253,756,8454259911209097443,-9036138172560843417
253,756,2808621565827884480,1582935950417870308
253,756,8543297910880795312,-8541383069592704822
253,756,1750984592719814670,4983187148840560796
253,756,3494617102301993706,3808871812207508535
253,756,-7705399361331313306,-2659243249145342015
253,756,5210187419885453881,3481249923367798708
253,756,7897785263765974937,-6966155397626417471
253,756,-3423163627240245560,5480984089950193819
253,756,6948757024851764011,-3485644658611080004
253,756,-8693505955013207437,-4842571040532529038
253,756,8850921496124096102,3818437127161568975
253,756,8042261218737327826,4434098326848905024
253,756,-897015045205930880,-3793096045326535994
253,756,-7674419979332790124,-3764331573971572043
253,756,8505671133884032280,8114643008219381669
253,756,-5742099110886655688,1030574170019104040
253,756,-6552619844445071228,-5552700954126730966
253,756,-1597777257844260356,195284810965785397
253,756,-647545261383705870,-4684797085057394376
253,756,251898762532632385,-5096597234900448267
253,756,6773100413613607549,8188565126274301864
253,756,-5315854085563022395,-2257662380470181966
253,756,-1116420051657438244,-6600778365680972095
253,756,1893561765629360168,3195388870323075739
253,756,5117714795545743296,-5345325941786093518
253,756,1765899676796037854,-1745525063397427042
253,756,7573142531604098622,-2611242048397673514
253,756,-2290631588882630621,4290651169747967963
253,756,1576307939194245643,8777633841294105493
253,756,540328386972586360,-2877080613134885894
253,756,4020485242859048840,-6257746470548747165
253,756,5387271011811061452,8341139815431626081
253,756,7598665237348197454,-1110272406217632999
253,756,-5508113016548724730,2007590904744425404
253,756,-1341265462951945133,5484740805407173457
253,756,1156366712667083439,6777034929020325821
253,756,8905263720406983591,-2153477423379645952
253,756,-2323581803528046658,-6097147343073799286
253,756,-8194042862493416179,3321548378189770818
253,756,5617519898892200618,318099761850855111
253,756,4630593707243991898,7796854547569686278
253,756,6441344333962176907,-769309650035979837
253,756,1339555595136130541,7806746537306509823
253,756,-6608246876174275835,6371979327329425845
253,756,1361865620050511457,2488583539321131693
253,756,-2425572912558033767,-5181918242284506993
253,756,-7952845429433219418,7489396114965703489
253,756,-6791199145494160539,192542326752004427
253,756,-2630161021629276509,-1484175870280560783
253,756,-1530792562375350425,-2338987794721985282
253,756,1475173218964616989,5132222495472931319
253,756,6828181397345039434,-6424285331770435422
253,756,2573076797105943166,-4515175617592155834
253,756,-4279586014135913402,8801631991781149873
253,756,5112084929610056280,-775806020475256286
253,756,-9171352955549088216,581989662549496947
253,756,722755874230422509,-6179035428351843853
253,756,7368170605480334462,4421661043260675330
253,756,-7378943029609768244,2857086294379111652
253,756,3393477775013854757,-4377089297057403942
253,756,1695737800867808406,4532550361291572177
253,756,5111042766214231465,3362632437802777555
253,756,-1666349737567281195,-6186178730993472789
253,756,2349174605549517108,970087401943764235
253,756,-5667161951377404998,-6564066230700551476
253,756,6769066251017672340,1840436337094652966
253,756,-9142841283290672819,8258165566466679520
253,756,-6430047376145060242,-4201195235235989691
253,756,2390030352107358679,-5151226850789595575
253,756,-1817837703729929153,353792812411447404
253,756,-3910114211337675644,2820650771911934848
253,756,1453211132862873808,1608566327065869172
253,756,-3788128874913008098,185140745453991045
253,756,5690825749207057485,5621657598361874745
253,756,-6272618986913516895,6426731952665758907
253,756,5581903089406047841,-2447045879585775694
253,756,1782784849378045301,6068780711463178308
253,756,-369429447712443194,5892499567827858732
253,756,7854065818612717850,-6303202771725461394
253,756,-3969091720714286981,-5752494837268462191
253,756,7614434971169446010,7084444359715582950
253,756,4221989765192720333,6293106447494694129
253,756,6691716850758237543,-6961394591675912623
253,756,-9206825770088787266,-1030876438719144921
253,756,652256861607597105,-1728143260502793610
253,756,7475574215839677265,-6139297110594838982
253,756,7586195545578051156,-668911736658823622
253,756,-8525632921467290657,7121667805957995591
253,756,572190233567372488,-6536946161219151703
253,756,508160714322714805,523854602982046072
253,756,-7595764866517220020,2019365783400370681
253,756,-8567851241710775890,-4629216001257276115
253,756,-4344419302346463075,699884125236150698
253,756,-8914281496956874342,-7301825843715798011
253,756,5253150701073352978,-8602800913756078028
253,756,7450445154810157884,-2952675754220092507
253,756,-6783043505278292310,7325557523941145077
253,756,3130886815712713938,6324293719572291362
253,756,-7706928455308610511,-8648525329203764940
253,756,-6541337450530635862,-2574856811859119303
253,756,4006467646409970503,3392253616293374910
253,756,294152827724355204,6217838511122657661
253,756,6421815765901250638,5626262938807907403
253,756,4816862315687196040,-8950494061938817727
253,756,-5865802866686054619,4485561432009816423
253,756,3879659191105973145,-2244758845946232452
253,756,-7810360153749591853,-9034159941190002064
253,756,-7776534991431082759,2951879591199815493
253,756,-7715631285471975707,1857862416167528942
253,756,-5257907878119204425,-1569347669068660276
253,756,-2016777555592177588,-5495492655151707346
253,756,-4094454439487691299,8726427289635404541
253,756,-7866946731491902184,-8047413013192775805
253,756,-91899766122707257,-9037726177965001123
253,756,-7191051553974780834,-3041317969816658173
253,756,-7452418499240949051,-7897354019550086906
253,756,8760934500609042635,192281305029531641
253,756,7567729760370825400,3870802929119563483
253,756,-779110283044548376,-2515658014329215435
253,756,-2876362572156652468,7236580643373475831
253,756,1560939684818959878,-901194570561902715
253,756,-343735015616411131,6122434929421863685
253,756,-2398955602394990391,-2185596979942992281
253,756,-9198216781517637354,5042542160348749959
253,756,-6304239518011589319,-2153780751273926033
253,756,130014567632853550,-8140631995910223545
253,756,5807274271002958274,-1850673149415376006
253,756,7719199710449541779,-294974204577047976
253,756,1204219021401426735,1208492101483794007
253,756,7361575413747052579,7436143507886444078
253,756,-5065500771281550622,6995137821278743162
253,756,6098017144750009965,7606820770455577761
253,756,4636203801839370507,253483493285006574
253,756,-3809709948011714768,-7097753978035746337
253,756,7467854115944788131,5603527650836360724
253,756,-6340274093512361387,5836303529621022885
253,756,-5067242829140718282,1421120326293053925
253,756,-326535692883984362,841978239890014282
253,756,7110604290827738257,-7623598362633025369
253,756,5024344661417109830,-6104930405541991298
253,756,-8108454536589921704,-2187822602052167726
253,756,1753045476735835831,-1073781905833979927
253,756,-6801246359651802898,-860018668950645658
253,756,2751318226332876411,-1782817619078619529
253,756,8321319801100052338,7346521096149212755
253,756,-970209747932874201,-6400018906673002118
253,756,-7685660738172646087,-4329814510814067888
253,756,-3281856826424396084,6232126780287542691
253,756,-6633840235410596618,587500724095175995
253,756,2495588964815703429,6988482056925390155
253,756,1750360648104660647,4100604213726479911
253,756,-1884555187257525099,7340185250520114389
253,756,-3762921136082442713,-3334131030337192721
253,756,8395408219883543678,-3567588978983131957
253,756,-8474421440059012132,-3399148909552986349
253,756,-4792535648191626068,4338138188755436395
253,756,3323386306623905384,5794675872076269194
253,756,-4632769741117127188,-5706428072685932017
253,756,3305286478515687685,-460077833003177446
253,756,1699749301691990285,-1369676501134772295
253,756,-348641881780932687,-3274278627174993286
253,756,-5608815699458754394,345791145281899845
253,756,-1903791868101551854,-944450653264717636
253,756,3156706467392170693,-2270471158308861659
253,756,3373389061596723126,-7045890347254058516
253,756,3207284018562362455,2170875229295844260
253,756,-247501622565512500,-1195089736867001808
253,756,-164222543282757124,1036075671456951124
253,756,-8720739017965765973,6917122280775664827
253,756,679698208180249551,-7420875124844819354
253,756,-8005086845144237011,3876264953942450328
253,756,6097987349734811961,-8353737518450080320
253,756,6998678219683072059,-6998191532208891584
253,756,6285995648672184565,-1777480538003488282
253,756,144304917934798764,-7115610235311182500
253,756,-7930992967448577348,838495838423515149
253,756,1735474358341985087,6714320979061842833
253,756,786826067393882296,-3646313541714044248
253,756,-6256749483818038939,1666572454804310315
253,756,1064961904478746155,-8450729310800207357
253,756,9221011018446655635,-6128208046058341955
253,756,8993632441476055193,2799153970823117578
253,756,3243478798564293820,976792346159259460
253,756,2159355226987777704,-5632018917983508778
253,756,-657134108127234758,-1598131323857248659
253,756,-1923329056671040135,8627769389154599159
253,756,4060283757033452242,-5585728164789838116
253,756,-2208264858996553905,-8403099384295261527
253,756,512391442593390787,3008400409617240601
253,756,9201467797241772155,2725703838376546261
253,756,-8364019636974817257,569939449027777546
253,756,842491563168209102,2952663148220010348
253,756,-930067441162880739,5822285965393946821
253,756,809393405294101239,-3266807168499062456
253,756,6873588975529948612,-402284996856396724
253,756,4092002922651860532,5194051192103523530
253,756,-5923840111267005822,-4132515295087861951
253,756,8904627371954215835,-1345075295366091757
253,756,-7943180752256245214,9058722459582642785
253,756,2711350040810563317,-7054951251984380132
253,756,3307346299102867466,3367187836994630467
253,756,7718638420647235326,-3171237260940887082
253,756,-7903533688013819208,1451976737951216483
253,756,-6331949998318521528,-3373562564299369684
253,756,5160728292939117753,3111259463076041139
253,756,-2549132044707327955,6342417076652428273
253,756,-1651248036562305016,-2484464244629294227
253,756,-3110412386625937263,-5281052190814551749
253,756,7738099237829287436,-6004394431974610983
253,756,-204396748472006918,-8324180262650571875
253,756,-5105256935365097951,-1022571862005024580
253,756,7122472630180397596,7392700678496101653
253,756,8086031111918241356,7287347584715568030
253,756,3522357486710352154,-4295952803663154057
253,756,-4358369946460581029,572745834007272445
253,756,-3244729152473669076,3095877305179088394
253,756,5142367985210510436,-2455373348961477235
253,756,6329850137168882142,4090600087943950949
253,756,-5729325371981777482,-3190092264694461044
253,756,-7285388060180100753,-7780174063513395480
253,756,-1906504858663531340,2053784139893161
253,756,3443183996025438946,-4427927333569885757
253,756,-443735382310657538,-2721270112467493481
253,756,-2174334980972369509,6700291656391251406
253,756,-1342814195918829826,2448402962447561885
253,756,3490851200344866305,-7639303826795449908
253,756,8001879235089293526,7511999964643101370
253,756,6009793442706353421,5813939721356623602
253,756,-6149698848542597631,-6992862849778182647
253,756,6233212382812145630,-770962125307030002
253,756,-3893530060153230083,-5295562436536410347
253,756,4843065220797808163,2419477114030614525
253,756,-7674461995129406481,4920229079232489740
253,756,1778922496935225519,-3165636497067291129
253,756,-8657697535155840098,-4075845095333289371
253,756,-799053750267615252,-6799914315878155540
253,756,2507084774716391640,-3401684606899295012
253,756,7923398374854720010,8935017821577197095
253,756,-3637267737045529388,5951731892509342747
253,756,201584857910833132,-9068558861744568695
253,756,145817249287765509,-1687609270636299785
253,756,7274744497513821869,-373124470397646856
253,756,3369830607801790553,8081306136151312725
253,756,-359466807086721614,601911606000628053
253,756,6028281354205153715,-7035134439635223363
253,756,-738278156997548473,-3172378039168367288
253,756,7336830265908960572,4740301347764245331
253,756,-6094171158211553911,-6416497221441402894
253,756,5764239115324481272,-261120904256993998
253,756,-4661348576094984537,-774995481260411275
253,756,2688636658502447465,5086878593039883339
253,756,-6631414550700789098,4384984931107806219
253,756,6324313598059289288,-902889562739482177
253,756,7772212111089453980,5944898687132156230
253,756,-5257157943396025016,-5569827098584676444
253,756,2374384549371979367,4816279489989394049
253,756,-7424111929899343283,6560704687923338581
253,756,-8167955610873403367,-4630666939655711412
253,756,-8393956376903832845,-5280157212450611787
253,756,-5833592988536841413,9011210199724060097
253,756,319446582042945143,6238094918902779365
253,756,-1835652310977143745,2849346766225631976
253,756,-3961869578729664278,-8649347021993478340
253,756,-6882154786786115541,982410794375509339
253,756,1421936955782305283,791332914543261206
253,756,-1654466074006833678,-8264055499571505399
253,756,8807654575994219033,-8438524090707849619
253,756,-5224641496812114256,7732339128208822064
253,756,-1321066271340731494,-8255852399433432354
253,756,2253854254686025844,-4061674643041373103
253,756,4144054215757528006,-5196807768863937911
253,756,602469994915555607,-8993090280117554864
253,756,-6294198588046479780,1453755048748516140
253,756,-692289144053429107,-7980762552189435235
253,756,8079106537498120333,8031302059834751084
253,756,3105275472507228718,-7060117921469055891
253,756,4153609380328382332,-7434007288268263622
253,756,2091449725044726302,8661669151747552360
253,756,-2744942554009451346,-3641735714942465453
253,756,2787556343433164747,2045722758986783791
253,756,-7784434769022381609,-4305563563096599189
253,756,5797654105707839441,-736660320217060829
253,756,-4513092880091053991,-1590414270386845455
253,756,1341944251051022510,4016375498889330044
253,756,-3029088081448359282,-7186798312120782385
253,756,6352426199929933048,5327790911912525115
253,756,3766640788070047886,5069966063393085152
253,756,-7048288257883496111,8312730545379310255
253,756,8106015799949392661,-4677830709424670152
253,756,5489522269735828374,-2382007199860951857
253,756,9159702195252701517,478249596024392143
253,756,-3574956599805760135,-1547466159826586548
253,756,-6509852411773189719,-3048251324506331590
253,756,8331666083807600267,1079233548496420304
253,756,-3370481417563593925,7043118371040199096
253,756,975515195580140141,3438027335158222672
253,756,-4707997452423601547,-2845638857528304475
253,756,3372107740626813106,2988175904208782140
253,756,7642082094193839898,-5221339221694079029
253,756,-8424672767599857223,7420851551935444376
253,756,-3438888395019477889,-4106784279737124782
253,756,3901755828637137830,572388273297613769
253,756,-6646542583546774374,1982563943539207476
253,756,-1568870596627187858,-849702040691391842
253,756,8298370791520035146,-8679530804529438426
253,756,-98573702957954368,-5971843970377750519
253,756,8651284380587468603,-4290921337518965504
253,756,-8704756037183632129,-4654418798559989445
253,756,3254568605303472847,5164160785339205445
253,756,-2110894474807363892,-6974601031854887660
253,756,-8467277762420922429,2686336444406305643
253,756,-5293051478215736478,4993021913243577954
253,756,-2675549398467797904,-8495483592024343415
253,756,3174125651127743568,7285340056107336229
253,756,5233560795148480404,-3372161255360928550
253,756,848208257786945323,3792681552417810724
253,756,-5191562159997070626,-8318125283531865650
253,756,9140668502559580936,-8616245680249393652
253,756,-4439995266298548453,8423966481390932839
253,756,-2391308842756900922,92215835345583231
253,756,-4169956527905239115,5309430436612798578
253,756,-3121796061113801657,-4177073414852297650
253,756,1173604566301529887,3018218855445399167
253,756,-4009622268388539672,2981984883340145307
253,756,4449190262765649784,3955250848157514075
253,756,-6438909471757610725,3795600588273760963
253,756,-7613498755976060173,6975126528725231654
253,756,-5495645288199518,8395605767470808153
253,756,-2349878136120559210,-1785098188819339144
253,756,4592312347757039433,8857989488900770103
253,756,2190892127154883732,-4412384035866779725
253,756,-7173139602910787101,8811779899051658497
253,756,-7646106115289259746,5323749771580793898
253,756,3603475552930770660,-8023128041393104803
253,756,-811832764522010824,5507665529990969540
253,756,-4638682132162643070,-1581881882733088164
253,756,2039246859385341845,889522824734531228
253,756,6746379606816352732,-1374987793083858742
253,756,-7940021854152247684,1894984955803274388
253,756,-1530451378054199810,1761586725545909558
253,756,8301787566082748758,-101394419424989213
253,756,2319536584951516630,-4453901108359630014
253,756,631550488797136635,-6438313476723327173
253,756,-6367833714248410895,8614951463705701091
253,756,6055662461696587048,2148211445372800952
253,756,783176761286968795,-5702190139990474863
253,756,8480955386426374993,-279523823120432271
253,756,-8013987606541705381,-3779410708622353936
253,756,2159483668314863816,-6660177464679645656
253,756,185605310304473980,1739247347654071311
253,756,-5028487053502468463,8466475404763288180
253,756,-3389422469293327026,-5338471261320080424
253,756,-3768346628432838073,8528161207632458973
253,756,1004905031864320896,-2810525091681877730
253,756,-1540524721893656996,-5775427873685994646
253,756,2014131870153470983,2401912236379605527
253,756,-5389087841559511161,-1360265861591227247
253,756,7463491682450242486,-774441661670762359
253,756,-3466164239900708565,353060445070999380
253,756,-5058470079346026060,-3806969340820713849
253,756,4324049202862635001,-7618673847472837848
253,756,2622313971808729700,3642452591146778169
253,756,8403679268819413436,-9064224109693239291
253,756,-1831320948331098952,-8805569902344439077
253,756,-7231323751091460030,5042053417598935530
253,756,7981057725407173532,-7503901376295877327
253,756,-8110285246680795552,-1760873823396109930
253,756,8478623518887833153,6849167659438342641
253,756,6594446423599725063,-664692332839417051
253,756,8282808388830374213,4832309084985433621
253,756,-6767041894302361873,9169605648474242994
253,756,-6303658810963666343,-7879986885973762288
253,756,-3360074914448783712,-105359167922049850
253,756,-8951099232948414071,6101613901986101727
253,756,-535078237007706557,2136857648904669867
253,756,-1978143166989357371,-2004549203499396601
253,756,5127650172903174659,8825232232482206949
253,756,-8729207913404417692,8493370018236038656
253,756,-7120462248647089138,2236188036943960222
253,756,6529177645666853370,2025446010326232944
253,756,-634547714728083575,-5830793357088120299
253,756,-6253434800475984937,-1177482452525039616
253,756,5412425119602371104,-5927839317959395275
253,756,-4810540777272834651,9170082657984508741
253,756,-4933576402147302114,-5180056256903629744
253,756,1763471979094397843,438434039039874904
253,756,2953467658867421345,-6273421850915409921
253,756,2023594904333676720,-4836946837133374663
253,756,1259394379012493889,2395094002385230017
253,756,7025288545278962396,4722772219406243310
253,756,2676136469529345296,8449826769244346682
253,756,-5880647596640423645,-6539373073163598497
253,756,-6073833406657869423,-3432406748711600064
253,756,1641281821527979782,5397483159773718145
253,756,1099049262405743154,-6119606714251581610
253,756,832476630945736452,-3553428164224722693
253,756,-5899783007826420268,8710551775872034231
253,756,-5292697340895362160,2026837317750689011
253,756,-6470787098930070423,-8807539801580982906
253,756,-8188107662780968185,-3140449898389214663
253,756,-9020453974565292925,-7940685641732693728
253,756,-8876482224882248864,-1284805662218061227
253,756,-7097198800033283862,-625812297107240339
253,756,3745624060700119819,-2383546956681118370
253,756,2134078947867282708,-7706143427296764802
253,756,3361609384051554267,-1014230134573258849
253,756,-6779813239282694440,-5114419214442329923
253,756,-3164858388639945071,8909570180351289053
253,756,-2940435049368691174,-1250003397657854887
253,756,5207520565794201098,4319136561518913470
253,756,1110817643857679297,4635864861045652240
253,756,-7880306068481576729,-4039758722244986784
253,756,5156746969503056667,-8228248232215199877
253,756,-7753670173627828993,514588960888470898
253,756,2573523705479926944,-1932792690974332475
253,756,-4966210311098888478,4682237932054997298
253,756,639641663758533089,2056495495258617972
253,756,-7109286803368216879,-9137735785063480946
253,756,8331364879651395921,3340246098693737787
253,756,7726123249928829398,-3173491201433099143
253,756,5459352571926385619,5607639616702398299
253,756,-4699243324940280301,-1490711739430432205
253,756,6375051642023014152,2751966422006050178
253,756,745396966604848353,-2924973824455737423
253,756,-3787332237701218478,3902577087066592468
253,756,6918919945037152506,7629307788243594356
253,756,3816567276860568659,-563633912806913163
253,756,4368776405009914568,-5233455390284906277
253,756,-3433191547223134327,-6380867458358829182
253,756,1888042539987724754,7759121332528678379
253,756,5390102375674245797,601184726002117638
253,756,-5438616673548682295,-8667053794868821828
253,756,-6547472083597382353,1713095137673664244
253,756,-3655715179245689708,957462409919489903
253,756,-2093581676876852663,1879895523639284299
253,756,3673140735002591152,8607996043144684713
253,756,-938943960260016098,-381427106619587620
253,756,3871647287706226096,5801281687508175344
253,756,7931292059975666268,-9059008537135699974
253,756,5940847789912582698,-1428310152913728429
253,756,-5361964475617843472,-1764687926482653999
253,756,6093084931177447955,318766997940078729
253,756,8767561874433993183,-7515040872675259221
253,756,8186801146215763167,256980151061474696
253,756,3230189259005337852,-5253018073021094983
253,756,-4768491138389782607,-2222112838719648664
253,756,7013982822553259688,1723973666736787300
253,756,-1797733581519951610,7249988700878819723
253,756,-49357600785234439,7531409845489842510
253,756,-5035407520380050956,-214269733065460174
253,756,375012872434485802,8365416733714448369
253,756,-4055981254013504065,-5140893115494476102
253,756,-5001948437679360873,1555416298015144254
253,756,-8170705269271990809,43742555785458733
253,756,-8463273162545057548,1406266211925706306
253,756,-1972432555050112037,7906014824021451434
253,756,267628545057581598,-6316454592395728636
253,756,96171152074826325,7964426977045218337
253,756,-414649350023769871,-3219316808712216776
253,756,-7535550759548886444,-8026134994178147064
253,756,-3678882766580113725,-5717786394113322792
253,756,-8620261179734580779,-9162669643685892582
253,756,5010343964429115925,-3359301304466490952
253,756,6957377160111524415,-7106384437093037778
253,756,2135088782721240799,-3804912163710682206
253,756,6975182274842712465,-4120781013801422012
253,756,5506104265543856230,-2912924160096611015
253,756,-5398728710228364148,-6345498812603869307
253,756,-605364217859302220,-7790953096109161872
253,756,8080354892801689979,-1731117064222830968
253,756,2258660373029798294,5235811794117318098
253,756,207758355498093278,3674006700614760879
253,756,8742826062165688587,-1504437842249237113
253,756,-8630314170578794437,-3350469820319666303
253,756,4290257427615276627,-1906799962974709701
253,756,8593481891281723647,-7689007386765994715
253,756,-6662162659697713559,-2293876306453622867
253,756,1099103778798348410,-6710524586825600375
253,756,6429435922328059672,-6971764259441622872
253,756,-6253960160137617046,3944126877892233528
253,756,-3995986781607228112,5673124119085852200
253,756,-2609856629633787893,-8964467100662333404
253,756,-8459195216270268521,6265801126051539837
253,756,-6769965407521934141,6292488770869690969
253,756,-5457342425065795479,-5620932138798675487
253,756,5680127542270761006,6891322073703282151
253,756,7598502065012019602,-2074749425859887231
253,756,-1119280840103701758,-6359149261836354071
253,756,2681758286183478750,4537184728261145610
253,756,-1551154683865695190,-6871151806878786560
253,756,5690648934634416531,-8119290531893603761
253,756,-637674585946510613,-221465219699060450
253,756,-2905614825504165998,631206027934046470
253,756,-7703666711347976932,2817062130861087313
253,756,5424415705863534222,-1305876421331351260
253,756,-7849531816997290343,-447026905098006711
253,756,-8127021677821642704,-4977378356980656361
253,756,-6771476543579303716,-7012367492770585630
253,756,299677444799822532,4439378922173708313
253,756,-6521116880863401593,-5277943671711069536
253,756,1829536969225687230,-3099026549840879632
253,756,-2745607786352224423,-3357211349356689822
253,756,3384294386198968500,2255871483810602764
253,756,-5630915499213014991,-9171702205142622411
253,756,-518399316549351744,-100980177373164216
253,756,5870862530413144899,-7614751644754065114
253,756,-3091855520779885719,7857659881816755435
253,756,-4104667157320806656,-1183303587391947087
253,756,8015970147903858411,-6758437465721976192
253,756,5285037873245677658,571210469048630907
253,756,4334837910115546629,-3718371274023922823
253,756,6769170455226510402,-3778631097448765000
253,756,-2236639337634421374,-4563970232717738134
253,756,-5267947330008684093,3903709946939539553
253,756,-2786348520127614516,5678896984657496187
253,756,7246154003430996077,-4128960317828880146
253,756,-8915382614329813283,4249033904720163201
253,756,3101710468695458744,-3571609000548341824
253,756,8305497582692123450,5412382962587753435
253,756,745309750599803197,-2404544830092207804
253,756,2953245797231636021,509309568708441815
253,756,-7816100896066864974,-1143052777776461407
253,756,-826149835250776770,5436593221164711671
253,756,-835931363700649386,1187647923899788423
253,756,-6461357413919726720,7331665651296806646
253,756,-6999254195212557309,3841439683991044193
253,756,-8409681620706473351,5752152420199335403
253,756,2731619114894027107,9022654193516272417
253,756,5487486449905610460,-7751252544885436338
253,756,7680127961605138821,5057990565776429617
253,756,1869372264599232647,-8323324697960919820
253,756,-8587244081767527634,-2285701841441058603
253,756,-338170669680276980,5024044776952147165
253,756,4631474785329518228,-8559059669885828759
253,756,-1634633082160320306,-2299857687586662004
253,756,-8342487369795888037,-1719383362843268692
253,756,-8129467254159572130,7302848292165926369
253,756,-3818617716211979925,-1830924957176452835
253,756,8796070247273279221,1000507406819455533
253,756,-6521006010098067146,2600664389615329973
253,756,8116657949364234720,-2626130901876933361
253,756,8032985785746526905,5511904542230489043
253,756,-3743636904890989147,-8178519040709608214
253,756,-7850081646946480243,-8259395713957064024
253,756,5500066126180679331,4831545072248254665
253,756,3401560721691316180,-8801335032972873461
253,756,-6657532506374935891,7217066797767187045
253,756,-1214284937091177302,1892423279682246723
253,756,5548036662221556900,-948498231596753949
253,756,-8971426152661182717,-8360974270338447096
253,756,4418947557771516691,7216277892850352453
253,756,4118380212103772558,-907293951491544637
253,756,4928966748114349852,383717803367979053
253,756,-6670305366460846172,-6787374609675137953
253,756,-6663223926067756318,8964060091530431254
253,756,6502502852297594406,8509553680058660884
253,756,-9151776428198607668,3573668022235882690
253,756,-357419047542351788,3399207914377697554
253,756,5778542946332220747,-1615593023495088515
253,756,6404187594398399319,-2646234288514637982
253,756,1995136926739827407,8969120752926978006
253,756,-3342736379328883436,928018819276827407
253,756,-3633591410422024691,2059459532906596712
253,756,1292561737866594223,4016808415695085390
253,756,-1643236056520802739,-931734419584226106
253,756,-66031867610615818,-2993464051017460378
253,756,-5435941840534998446,-6911689229480428156
253,756,-6310810549676474100,2924350051035860826
253,756,-3325766486539718429,2161106952857794570
253,756,76150724830762537,-7411401123047079062
253,756,234059102357807786,-1902513832793020165
253,756,-402523518513777428,-1181996074944349183
253,756,-120674271032930014,-3338210109945146854
253,756,5398942965510836662,-5549758017725494750
253,756,2424038310536941609,-9145058802580748867
253,756,3784985432722126663,1879455610692835343
253,756,3740618920590279553,-5315001973423333392
253,756,-9094942447607020265,7595932141244954891
253,756,-7934279070455989049,-489634016987189882
253,756,8545868933478527600,-2178916486949006295
253,756,-802111078552918729,8982097027327861201
253,756,-7387020353973052112,-3111498088902855977
253,756,3823934481653579745,-8089584734980373771
253,756,8099282760880526822,-8412130041023309528
253,756,3533034005122046644,4450892607589727214
253,756,-664297154171066301,-2818775966082588022
253,756,-1639302265909917322,2189773044705691351
253,756,-4742060429790936144,-2275968965620793453
253,756,2276499884831828814,6197917999259118208
253,756,3211428125875598898,6706330627139252163
253,756,-5646900141930794484,-2864916073336907708
253,756,6307264556310784625,7801917139866167121
253,756,-4304846630561807808,4996917509328387725
253,756,1788593937905750504,-4624466469277953357
253,756,6605748470764804076,-6038193725557105053
253,756,-641972586113777282,9026031345197279994
253,756,-2778346294345595053,-1941746135780730289
253,756,-5435974314968415622,1122940417734322254
253,756,5718419216921846606,-1008903049631095567
253,756,4319541602846414273,4780199752539220894
253,756,3092416674931204886,3977268741891674860
253,756,6322676224158554226,-5254348095936545660
253,756,-3489081538396596470,8500397905268436454
253,756,7600569891162710030,6593305413472597395
253,756,2406267008857641165,2336088740687672879
253,756,-647705623521282240,5315212231113386226
253,756,-2049459010462516230,-5734890907899245539
253,756,3281260914262287205,-7427665023961126209
253,756,-6830580556097402093,-2159456450145961764
253,756,-3895315323804234911,-8607483298341783774
253,756,7676123675870330884,-5476451266503224322
253,756,4276257888964599905,-8386514029116332828
253,756,4465870579801288908,3340396171014841829
253,756,-4700817505759574607,5576064646254933732
253,756,-2409520539736159807,-2599914387148295714
253,756,-3670895975954307314,3151110504835476760
253,756,3245476415586936635,-2657192690800720637
253,756,-6006528353582252088,-2118698798970227391
253,756,-6885951255716552945,-933982390156737290
253,756,3832076268639233542,6321738956837901093
253,756,-4267399106412274622,8447772124266455132
253,756,-4533593401198811592,-6004257527140247937
253,756,8535326355764326543,7350895418330743731
253,756,-3588234709772320056,-6512517536346519253
253,756,5350714888358851927,8854382951285365456
253,756,3656264377422139866,-5989435828412019763
253,756,5332648174411041050,3138524801160884087
253,756,4761400066662916262,-7208148726752169768
253,756,-960964781381191909,-2639547421714832269
253,756,-8252332371622927465,6013739900392581087
253,756,-2900378031104015670,9048411535435696897
253,756,6326516038596096160,-3638513602287172910
253,756,2032766378644195149,-2837742997366854299
253,756,-2677660608159458403,-6072961115290705328
253,756,4538330572740454552,2293435933410830646
253,756,6125125776163144372,6331914620168927804
253,756,-8912090563703528121,7653133354776580377
253,756,328144853026979132,1925943466435469495
253,756,3788190464534495956,-3114108721681295382
253,756,3758009729485484418,8548999409723011380
253,756,1314903748638134738,7240009869186214111
253,756,129245624502971806,-1465014297833554302
253,756,-4395541999712236897,-6370948679438823778
253,756,-1781503534674770614,-8615990154514474104
253,756,-7825284160598056911,4061801888778057155
253,756,8688470154249318228,-2778703067191850678
253,756,5722196704355436499,-5269039567172973508
253,756,1171760144202615200,-3056813462406274071
253,756,-1254623772343758303,-2335443386871864496
253,756,-8723952364077344943,-1044841682811829109
253,756,4731278227851329410,6217020168515783714
253,756,626530709124665993,3798508084480112908
253,756,-7743609034835089875,-3543852576932634289
253,756,-1101264963802278649,4105125653085799894
253,756,-4794300244279892869,4564313858299494903
253,756,8574050310159973397,-5190338231405149098
253,756,-1770662206652817445,-6846386917261963797
253,756,9176294320680542585,7656911695716719162
253,756,-333852327932107836,-5848930191769555140
253,756,-5390891661816958418,1371508650970714770
253,756,3444242265905055435,-3777625218131979016
253,756,7768784912180768286,-7941428818847196123
253,756,9172290667697658932,953819140359292036
253,756,-7066774213988439911,-6935136674353417097
253,756,-8333437368957878214,-6490978877235199615
253,756,-695299114466473766,65906958420445751
253,756,-9132236156005952730,-4606231035200411447
253,756,3496737496705393381,1885434127877024088
253,756,8802912153795201515,6190680234651743531
253,756,-2934014512018361453,-3904457474858100249
253,756,-6756549727786792936,2266004609794469526
253,756,-8336181357299223192,-4198185204099648881
253,756,-3780113394705086150,8686715495683880443
253,756,-869524829838860552,-5683040622923217999
253,756,-7464509552496033748,-6770427296617687719
253,756,-786149907653816960,-106593797335921877
253,756,-7867228909703295835,7240286373593874988
253,756,-9200706656736850349,-647710274258400504
253,756,7383513530955281936,-4673781196024459956
253,756,7324444774430266991,1843339507585797708
253,756,-8428102061603963936,-6999132563179995339
253,756,1176098573156665018,6124215748621092586
253,756,-5988271561684942332,1543842481420530669
253,756,-4045941202830865467,-6894156996644019758
253,756,-4622267311439394094,-938496891006755688
253,756,6884406112320439708,-7068059819345152187
253,756,8770779672450145673,-7519848261443490190
253,756,-4273090503452673469,-4896330120064959636
253,756,-4822048057271142715,-8148612446994735078
253,756,8712627352837120948,-2638079214630897501
253,756,-2045214706615497439,6118249676483400951
253,756,7230696853323258600,4002378392912115566
253,756,-8125437233059949079,7594749235051850879
253,756,861434433235590314,2675753789230911018
253,756,5100312371289296914,4167916279611726365
253,756,-4069388123677969743,3190911371489775924
253,756,-7170967361598387905,-3936065068502276220
253,756,-805881952852052225,-4896661820415695035
253,756,4438491990514154477,5272959340630115597
253,756,-3525919541986831789,8962367520623267115
253,756,2269149665532071992,7860103896964912995
253,756,8948017625358306064,7758647943512530109
253,756,-7377640522046366524,5272505811128713288
253,756,-739663468000720167,-5706269617233410950
253,756,6286761475959892384,-6427641121383788276
253,756,-6316243910176616004,5967817935616086622
253,756,5267987479588768686,-2857559386644991139
253,756,-4607476937742856122,3295449790624717430
253,756,-6314594395794928434,-5562668984678469609
253,756,-6858631904810109908,-871383474419496362
253,756,-180108013788099401,4784445333506312397
253,756,5770886454389253559,-4195555047873881167
253,756,-5415618152193251072,-3389440556655816336
253,756,-2067554100693229208,-1909161981092912607
253,756,4986575816941160880,5914154440071894939
253,756,-9047786529193222155,4831843833308432173
253,756,-5345049819857721755,1761768410582618199
253,756,4582719190913326443,8258101616946340422
253,756,-2994620242171961467,-8176662904122066765
253,756,-3809537184595432751,1557756579561036029
253,756,8295689160526956546,9031693686660076011
253,756,1211012650466301833,2651886292002780260
253,756,3648188322460841491,-5469269586980751846
253,756,-3963668154612081064,-7283041657063824618
253,756,5114820007168965085,4912916222611195607
253,756,-5492286887467996346,7213925067358971339
253,756,8171972982653262137,-8004636910889764027
253,756,3369708310242649921,-28234563753748406
253,756,8744116541948637099,81944826159475071
253,756,8618263743794562119,-6134014268891866743
253,756,5278269925177012385,9004101149178351700
253,756,-2311757032017543054,-768581316207664725
253,756,-7155940385307529631,4292288772344562346
253,756,4422235572406434662,4684479632022814426
253,756,-2820897156620007408,5289467615450032975
253,756,-6079359897878518417,-6779567820666498191
253,756,-4564196001525474659,-9193132007802916005
253,756,-7087298724934364188,7542541551979277236
253,756,-3093585545833893977,7870666510644482798
253,756,-6968235059537423351,2176707749683582628
253,756,-3302897545699769796,-5663265679680914554
253,756,1489969755926984666,-7772519375894763438
253,756,-769322602679458235,-2828692115535141515
253,756,-6552176675877307837,2490401469756105241
253,756,-2887909265927354752,-7127493744958924954
253,756,-6331454608533462046,-3235128928238985176
253,756,-2099279751016600765,2811013668866098633
253,756,-1416674135442722832,8037600927197104875
253,756,-281425516148251642,-5847457514872673041
253,756,-3644928351726145298,8433188124714776519
253,756,2875129104643678052,-7666552435718247493
253,756,-2919161228982653218,2068501963157088717
253,756,399619558400987967,-778547084568908766
253,756,8579193036511544422,-1105411429603290313
253,756,1132601994324054017,-3961612310027296630
253,756,-3471973404574167422,-7429134183108869908
253,756,-1286022980826272701,1185276914915200113
253,756,-2198069198751578266,1348230611103840885
253,756,-6869884516634585660,-7956645724588852719
253,756,9058526578279878266,7099933850261118135
253,756,1503698906295378280,7116284929422889851
253,756,8728941515752841436,4464130718078332572
253,756,4796148020592877176,404081178085233564
253,756,-2961634891459391233,-3642847873801640427
253,756,6571893723746364084,-2342895340259889152
253,756,-3173676316177926458,2906910211566576925
253,756,2259476117237091077,-697705423527018328
253,756,-4587595148387796380,-3318317193054021337
253,756,-538802675888586889,-206656021636692268
253,756,621478652684675348,7860780488749467093
253,756,778536339655817055,-965719040313511431
253,756,-8329404896310625402,787555068682860891
253,756,-6937923759403000596,6437861500986409866
253,756,5180847964445721674,4040992755396827443
253,756,8010447372315975247,8382011196496431799
253,756,6090775701987776964,9006079382371988146
253,756,-108048439724639607,1256857022840276610
253,756,-1862260678582809267,409381382900602444
253,756,-6153279839477641643,3055971543162182193
253,756,-1007819615462127536,-2129307146400123737
253,756,416635851518992236,-6202342153093627672
253,756,-7346416334922243460,-4125830465276781775
253,756,-8183340179393540328,1133539904273736986
253,756,-3990608166351053073,1510433311104402968
253,756,7344585147278947322,4152713905828713650
253,756,6826342064550855389,-4886874707474783099
253,756,8726645387298291906,3099374912772924508
253,756,1482649679524053734,-3653288068315403456
253,756,-7348966797334571962,-2937437044134311618
253,756,8672897407665310652,271754526062428010
253,756,2806469882336274542,-5462659017065384978
253,756,3494737506068736155,-7422888551781670756
253,756,5575512545490300284,1285531728300279325
253,756,7561602617399874725,-4024258722571380793
253,756,-2861375626064627088,-6544000190387655391
253,756,-3452197320760007963,-2415844161450455124
253,756,7105750841290227135,-8803559039534758882
253,756,1447309840857136579,-378772602524517282
253,756,-4114317948193139543,-6881685967516483850
253,756,-4568168785936315063,-4574640471658395524
253,756,-4794072118057394756,2490419317024080022
253,756,-5776856237263256849,7744671919387520644
253,756,6328306223764543213,5995758777181629936
253,756,-4644745054866813788,-2510212269034298484
253,756,-1293263240910158022,-4883791260968018949
253,756,-1564239656803011839,-4996511880100734553
253,756,5712654638290551608,-5216221735078625320
253,756,3903231348743277751,7317333299662796764
253,756,-7035521266589248616,-5648670208206867210
253,756,7710802913165439161,7646653314505297662
253,756,-1369601244956528504,-380341771451502214
253,756,1625221049259165641,-6978682093379115558
253,756,-909733821110460295,-755780816680108312
253,756,1906517577849092323,-4807487940150303617
253,756,-2083120855391583668,6283183182579941138
253,756,-8932397316163786539,1277597909995932215
253,756,1941186566812922275,5642808889544839092
253,756,4765645106785631937,8856606575372651505
253,756,-420123253389674825,-3354071286749363855
253,756,-8496925585246052660,-8421478134965101816
253,756,1559608476981055925,-4927780274590903383
253,756,-1635355802347916508,5617531687494205124
253,756,-4216897223827240095,8166963857068955696
253,756,-9199943180402386939,1898814833945619422
253,756,-1516237953203170863,122164146791596045
253,756,8950572930660246474,-3754149565315838496
253,756,700629410533177505,-3652384557543981667
253,756,307789445595545607,-2298951404155479105
253,756,4493431094666246350,-1421276534504026435
253,756,-1940753284973931100,-8720325475164286347
253,756,4378663431483126922,-1164929009223626206
253,756,-5064650183515407747,-2647613929445769754
253,756,-7408628877869910048,-4353228328058613555
253,756,1470026967459273375,-5737233593442243021
253,756,8066188462245489412,-2978082562992923991
253,756,331157100018182891,-2209161463396305874
253,756,3920479374249454857,2202815997702948218
253,756,-7821512281319841554,3850193326531749590
253,756,-2866075750329405554,8966252109688260234
253,756,8996356934882881861,6809885193112390185
253,756,2957209186494674179,-7487311526984660855
253,756,7688921007708630225,-4574479979514840798
253,756,8121226293940567098,8834804225730485949
253,756,1475326565676473591,264881386931028655
253,756,-5920416108307286195,-1054411009431556100
253,756,-6537043060716835868,-917334093886286989
253,756,-6017423669457096461,-186814093591311108
253,756,8305570440388304467,-6263697750411427491
253,756,7615587664758122662,7994974536875894347
253,756,-7178582212306136795,-550592616452420183
253,756,-1763315569278118567,4129926657650080826
253,756,-824100885756651008,-1916582633067815292
253,756,-5016291063369793684,-6273420473920265190
253,756,3407417729868833196,-5597995612118044435
253,756,2753437883587667088,-8406669771878757825
253,756,6106589527756664954,-5239277621337165410
253,756,7842594297008442484,-7261179885000507835
253,756,8620705796342370942,-3593942968143247586
253,756,1000670910189323762,5146026651740124240
253,756,1607750540581774283,-6691461876591319006
253,756,-1060897805351433389,2767664410373943295
253,756,1576096541925020420,-2546694781040924713
253,756,5352021763462001370,-3072633516884756687
253,756,3351258086410381809,-8575928322669855403
253,756,-652720925316715310,-8351649877294312511
253,756,2282587435857545695,-4495106712503124659
253,756,-2766696809386685553,-6014690170160451877
253,756,-7137195414969435639,710912634129546557
253,756,-4984115550640703940,5891680454833491853
253,756,9170657500168423980,696521066007605175
253,756,-266048565308281662,-3868644144141735573
253,756,-7164036749104852951,-6592591884713999854
253,756,8580401563545448663,-8150519937182890512
253,756,3765757689740590961,-9198094780574317436
253,756,3668850716077425460,8566881989889550807
253,756,4686619137341478350,-2644959819065002457
253,756,-2714884091993630036,-6572500482414052916
253,756,-5326170467826150164,-6076574778329906082
253,756,-6241049090473779305,-8325610488571298359
253,756,-4989304856309195998,5382651283841110466
253,756,-7969757203011451226,2259371917192419361
253,756,-7646214832787823937,-7263964481030819290
253,756,-3112380769707832735,2924640304922963498
253,756,-4505710564685039611,2005105213793358235
253,756,4563275560751378690,8350272905150560685
253,756,-3337759143559207915,-2744698847449580898
253,756,-96390843970281556,1945547807382477822
253,756,4100271480854765757,-5057363989378377551
253,756,4651473650781676732,8346421194783641930
253,756,935797043534498236,7152577821754194263
253,756,4051643680957907596,-5861040995005702847
253,756,6412029556542660724,7219986348838247692
253,756,-5128075253692476893,4516186244735184531
253,756,8569138035259503794,2160618029189961237
253,756,1409824161562848845,-7852354789022571775
253,756,8673315252956716849,3284156842781101716
253,756,621918915239436009,9209689372448775801
253,756,-7063633167999629402,-8008818909596242604
253,756,-7586488251529927087,-3754540212595690236
253,756,990145767099441582,-1034941764288068099
253,756,-6706384325766275713,742117093320287126
253,756,8365385144892997659,1675954295315026750
253,756,-7250018445403528423,-555701642421026625
253,756,5740616681764884669,-2246882969222795748
253,756,-849496656306544172,1205712796778914319
253,756,4027335198182365131,3462543336493523834
253,756,-4875409114739601372,-6996139460258733690
253,756,1408007050062894226,8616023994539599524
253,756,6154535383257780725,5891683986186277574
253,756,-1609345233191891775,3662036513887632114
253,756,-5165423754049444127,7880032833686676239
253,756,-7796617933733140056,-4063037930090145599
253,756,7310688914480510322,8120631935370789834
253,756,2191265346422873158,1364163019482043223
253,756,6746845045113410736,-1161545014153833989
253,756,-5481962266899668040,-7643712397042843348
253,756,451543624471073374,-2257836300889255864
253,756,3469612267377882249,8527185280188818003
253,756,6598259515129044100,-3917718597530727891
253,756,3635204024525452422,-7387364975736643090
253,756,1332003364646077296,-1497780386949418334
253,756,7779528054541271211,-6212976338567668556
253,756,-7142759385131629808,-3588946439535892419
253,756,-7787816923839258429,-6846541616798009982
253,756,2729638897941412663,-5644439662805803485
253,756,4492354889059363908,-1130818049280393606
253,756,903370564361387902,6656126814507325097
253,756,2938935123760398395,6669741816193923511
253,756,9116285549636481206,961235333956482871
253,756,-1179974188303609755,-5382300420410885070
253,756,4806866615322308377,4176866765881730228
253,756,-3378211543969487547,-7199408561009947331
253,756,-8452107304076014072,116304452792708891
253,756,935717668266697801,-4052550776139644826
253,756,8850934131662002257,-92944957855070148
253,756,2287360514859032716,3454650349614840342
253,756,-3874924230277613285,6119752450767141353
253,756,-7523975450728366883,-1367117470076233285
253,756,-5170758490873201727,-3896149088709966497
253,756,-8088063983102682779,7976448512803906997
253,756,-3532356035671079704,-995973277906168382
253,756,8404613006474382473,5794649726301475171
253,756,2226642867299892883,-2911840245575772229
253,756,4899234068589239281,1927486061689919195
253,756,-7576145739083192761,-1262871472330832322
253,756,-2018632457532427300,4422381400496524361
253,756,-3119535862228199252,-5540261865140142524
253,756,115183730113009491,6268968579045421080
253,756,-8534298780504411995,7737661248026886947
253,756,8492895529860693348,-4288541814763101374
253,756,446331493689693404,-3581827526112601663
253,756,-6220522871309408001,2918380896247571451
253,756,-3154902475660807161,6885061258709180926
253,756,-9185303899269946376,4945499907419021724
253,756,5109042342681297758,-5639152675860304495
253,756,-522167322494481231,-6267739942094619849
253,756,6923525703702641688,3163781390119406065
253,756,-3754831595399321053,-1622094157436366806
253,756,4197865888315779320,1841375685765095171
253,756,-8232801682761718793,4470660594956036565
253,756,7498408696893959798,-837409824985313291
253,756,-1639834179816648069,-6171765479662044187
253,756,-3113297409335630405,-602649974728178720
253,756,2777298411693901854,4089895732517869899
253,756,-1896567898701133385,1084876167616679756
253,756,7572693131719889537,-2237778182433538344
253,756,1413023569409425726,-6128853225823136851
253,756,-7168395630825623142,4715957909425520237
253,756,-3134059643223900487,-7168834529789268363
253,756,2732223564769202433,-1582259250766092757
253,756,2463879511857749917,604821920479868651
253,756,-7928731085165824975,-1663795883567211372
253,756,6127655084154918944,-4273832249647651320
253,756,-3760936221829339379,-5231829242523416249
253,756,5585670023603607076,-7917172388213804445
253,756,8723329241905826478,7041459655328585558
253,756,8622713648942263716,6858115815958079733
253,756,-4801901000818558631,-6451196327751082751
253,756,-8426526533992129037,-6430964884321674667
253,756,2858971615459764193,4669636847137051572
253,756,-4600948259729039347,2829592039803945326
253,756,-7467496205002755569,-7436206002978676364
253,756,5022443864475707256,-2250653847067240909
253,756,7086324508288614924,5669479354969465038
253,756,-3030741830372926151,-2000322565041447969
253,756,2547953497866833603,-5331089997889008422
253,756,7456215902154495986,-2801164108778359451
253,756,-5019268776009582254,-869924326254646280
253,756,-5445828862925943656,1788631359644948387
253,756,-8266880315758177309,5380704436556105517
253,756,-3553806963646028320,2766203661627539660
253,756,-8152740029860507751,178295311341951043
253,756,-6894634772302658488,7775713172243777376
253,756,1604826161857543867,-4286404579275456201
253,756,-7296418411647353203,-4204115912803074952
253,756,-4927493691804101721,-2556132067599060932
253,756,-7854324881881585939,7581825651561474607
253,756,-8538407394226722290,6155245511138903779
253,756,8593736226808751250,-7684019117372024824
253,756,7818195852430088728,4886070073436644831
253,756,-6830731017064599482,-3390732185325483943
253,756,-9219099265120019783,5528336868823298289
253,756,-2580986050874287873,862323333624958362
253,756,4630485083147051613,-7166332722069057560
253,756,546603797064448227,-3389727694616084625
253,756,-1488408189424122880,840215388479442678
253,756,6566168877570906880,-4005691245510836522
253,756,6988690207715287779,5778190323494886865
253,756,1459822105975658701,2426661325867691802
253,756,-608379608665290744,2946004222152223228
253,756,7926493665183541659,2403687938698548269
253,756,6223597731300590137,-4539706182438703338
253,756,-7253967075028545371,-6033152166434388293
253,756,5833053383840964813,-4150167036411980846
253,756,-3419314207592634277,-7918033196749607191
253,756,3140669418468205106,7694788853091239884
253,756,7520893629475743520,5684426085793947369
253,756,-314914251113349295,-8406625396914438465
253,756,-5355635967599771296,-7909708051586883567
253,756,7613318055591802077,9119821830905653290
253,756,5320465872210186773,4827492398151348450
253,756,-2480807222655109740,-5382208655669768916
253,756,1927113059753232051,-2514343205188087849
253,756,-5000435335544393671,-8392934694796327460
253,756,-5273602785259064900,-2317651478330224194
253,756,9097291041807825369,5277713306615283272
253,756,-3155604795542649315,-6376259521770581051
253,756,-1968518172620201077,3076812431347154371
253,756,-1844366392718365842,4870441949878414157
253,756,2229105464204108539,-331330965522558959
253,756,-7303588185204671105,4293320015144555991
253,756,-5745873641047400007,-7162625936410890971
253,756,5296693142754472387,-3141758396140304115
253,756,-9032038857234979431,-3069689113774987674
253,756,-3674291733022619483,-3904219622693061052
253,756,-5172066379495343201,-7154732832895623812
253,756,-4968455365127579115,9221410991874176612
253,756,4945009566820861333,-1047396371605289701
253,756,-3435438463540132047,7740419625998819417
253,756,-7282147248877747622,6130374577318927463
253,756,2848220352824280020,8986469199672647495
253,756,-2129714032067854338,-8710298088010550069
253,756,-7787949775105682818,8515080739319354337
253,756,4446719339480232374,-3235188812742304067
253,756,-6229324183980996585,6014593588014273914
253,756,2331733677426496782,2998488564503902497
253,756,-4414254606393900122,6801821465428717588
253,756,2301492747888134017,-2412089937701856705
253,756,7469973859567455984,-8092779532796265400
253,756,3604565424400914265,4049645432892402290
253,756,8377201351977711675,-2457909481939881399
253,756,1965250027480266127,7534964957006435357
253,756,4053789599826715149,2214177699112521030
253,756,2727152899861087179,-1757003869630862981
253,756,-321786718478630613,5724184384097775970
253,756,-4118897559100272004,1901088046535360472
253,756,-3129331260484258967,6762004229112656132
253,756,4068353732839892502,-4734637492011039872
253,756,-2034506169302326334,3507695552292707142
253,756,-6119328343815992960,-1785435712753547452
253,756,-6285567208172028708,2178860456465627193
253,756,-607633643499514103,2593517276515134006
253,756,6249206923810079866,3547849081626418619
253,756,2273238411673423514,9202696468811966268
253,756,-228889028157476292,248906617970763729
253,756,4871201199948133569,-8025228925661670313
253,756,8357133319926978131,1561484352705125367
253,756,6852078514411607487,7855345086820964793
253,756,-3348079986656814277,-1553870461304711352
253,756,-9050470509127748641,-7981449239810095528
253,756,-2613224242297429208,428027955099364591
253,756,931296384082595076,-2630204120080894427
253,756,8188646517780659202,3557259175790275394
253,756,3966736712389255711,3034077842199697867
253,756,-965242773888462901,-1743913986299841051
253,756,-1272060995391214386,-2299198470274204177
253,756,-710633814622828932,-5464310569098002405
253,756,4556541509428366049,-3135672750422204956
253,756,6415120165165412036,8109200560169542404
253,756,2957242672244405942,5479621000132210894
253,756,-8735323890812550186,6196721272452490656
253,756,5606553215621264602,1240159675050389429
253,756,9090718310858828310,-6783327506110637309
253,756,-4956062297545136375,-6428562093944189536
253,756,-351665800570238250,-8247487449243813281
253,756,-956114176815232706,8444746125041551726
253,756,7358611251458367209,3700187698641438352
253,756,-6356923744886612560,-5052815343708801391
253,756,-6298802739782249720,6232609310895968165
253,756,4397340337089158713,-6860840607468763401
253,756,-4586855323085500747,-2400129966247817057
253,756,-8916989759384171960,-8836307211400689005
253,756,8349449984207227650,-1685700707243517106
253,756,-4592781052270813772,-314013478909794845
253,756,-5815137605574371306,-8059895373408016695
253,756,-4404951177850947531,7986650090832835051
253,756,8440333866575119519,6615856750727685901
253,756,8367859298665173441,-2478194099953686769
253,756,1887921379779666094,2065232645172877630
253,756,6501619178051704536,7127724758096330758
253,756,-8110072383041184909,-245393638584584513
253,756,666758722210246212,8114997591264481665
253,756,7902693169045007524,8365908265400698050
253,756,934390159180229431,8888818312924782043
253,756,-528808670117230968,1741533909205520582
253,756,-5110385993463157515,-3547988217374569684
253,756,-3792390058666993317,-637947100998626039
253,756,-2915369324960310098,8249977810782553070
253,756,-4880595733150258362,-2503698429212237321
253,756,-7872536006604921348,5723479038250694572
253,756,-2726933581631725230,957138772925625597
253,756,-4534079093919644602,5980062591167256409
253,756,8540851893754947289,-8936960226163146681
253,756,-2376407349158461743,-6494540646263933131
253,756,1718557502905450052,2683306105016602663
253,756,-6631256457534685468,-5849715295754811831
253,756,-3198146037478676367,-6572303782261968808
253,756,-6067261408758446216,3922363857182028271
253,756,-3929398204133214555,224527207239116213
253,756,-7237191177236402530,9041492392887855299
253,756,-591846583439582694,-7330689235177690994
253,756,6864304527997329514,-7163356735062160750
253,756,8845380004011848437,7551898429085113527
253,756,1875160225176711952,3326248648591678989
253,756,6089245174637161995,-3897352075160035052
253,756,1480626004174347972,384635026540705293
253,756,-1222517281703395799,8506497566485727275
253,756,6717708811285647574,2929046349328348822
253,756,-8238984434007729835,-8992209297224805735
253,756,2298419366686069429,-5053173919499343292
253,756,5458524608511194154,2341368506981298463
253,756,4165459239512448981,-715211094853250298
253,756,6057885942067717363,8911715302792349463
253,756,120962606091702532,1635646470214934240
253,756,-9144283826362956530,638758735075444753
253,756,6590533427105524584,1949557893032417717
253,756,-5014626778877765825,7554660695110702580
253,756,-6670191718149650296,-2446131312036104513
253,756,8976649939615945977,1104960056773416632
253,756,-7652050886491493425,-3431605162223910182
253,756,4075161556069036443,5360095277023295911
253,756,1593418183337192665,6086688780289765908
253,756,-542474522021745402,8974173705386498038
253,756,3943416657072771665,-5717952370206222062
253,756,1131850946889048148,1073560434991657687
253,756,-1379405275679527971,5543162502694388501
253,756,8151419642007778471,-2527576718755599461
253,756,3437043798749918934,1682947003240267522
253,756,-190236241533557670,7392533770489876823
253,756,1745299662390996191,-1783187020649070182
253,756,-7189851287865315736,5477371381506372791
253,756,-3112784830431663989,1887428654376689899
253,756,-6213892226678676632,2327432616782068631
253,756,7995522420358379698,4550235698730048419
253,756,3713762301181084684,-7835110073446166608
253,756,-1847727255391806355,-3919345767098827884
253,756,44678425656717094,6676107929919689308
253,756,-5945250319435548747,-8187833986699967170
253,756,5646877147889069649,7006853053525804732
253,756,-6504882955377814413,-5676706736452130394
253,756,-9150288412799954269,-4086249618101081361
253,756,-6278656992490413671,-6082151052451350766
253,756,-1318260688333165306,5283301020673641280
253,756,-6754429538870688069,6453454894214708942
253,756,7095330413224059097,4195690762206984671
253,756,9159677793812325553,4908295571774132335
253,756,4428349148257554583,2448693885984229791
253,756,-385491307726679276,-2293758341477921449
253,756,-3152428292637983924,4500785145042151322
253,756,7407859614220470648,-8618070276373115450
253,756,-8654462551548261206,-5638996714281894607
253,756,7009937913529605268,5411573152080373544
253,756,2278997196439452274,-2588911037029868989
253,756,4992228396555655652,1325309391300380602
253,756,2443223858521293341,962815928363351332
253,756,403993330269034863,-8548661475894797587
253,756,8186806656006577472,-1776185465442925892
253,756,-6926963309605158778,-2838372549337772964
253,756,8635175849260268527,7843595156893247279
253,756,2813867142733260274,-4802295620601112059
253,756,-8379908773766047422,3451479737671019429
253,756,-6650661909137661585,1647384110018484505
253,756,-463955820840575202,-9112169928703626294
253,756,7721851432743747203,143129103507983438
253,756,186034500696534891,-3893975378487628607
253,756,-1166529407936852000,-455218962848725495
253,756,-2936658613307760709,7031385653903500581
253,756,-1077580103370935545,-7647798911402299545
253,756,7789868457045411006,2623481933238150993
253,756,5968624093088975626,-688649815198209557
253,756,-8914571758783249077,-5687989095065248993
253,756,-7426968484340367874,6017291668487172866
253,756,7623590109524867033,-8277876725583809201
253,756,5404072751204892859,-4099203892601340260
253,756,7191712199220621629,-5729422137895317844
253,756,-7730883529603744700,4253875037293541940
253,756,-5730372535417534108,-1068805331095718267
253,756,-7253344152055777994,4978786807529489124
253,756,-6024624247543148396,5480522697711810577
253,756,4061838518759730050,849257707075865079
253,756,-4682617527230197678,1021811619576671215
253,756,5157897867490153926,8071519282024879182
253,756,-6595247282588715210,-7251146156195276882
253,756,4267895953548032181,7871015388272065451
253,756,8777123120790680043,2616784067047486223
253,756,-5451780115255136872,3842818935945678551
253,756,2941866038394864455,-4244070196072729991
253,756,3482176429994335004,-5883226697801727890
253,756,-4208440751021133726,-5736530315650558979
253,756,-2608315930295812172,-6176146836190379117
253,756,2083134260441532472,5860503322810667821
253,756,3174253768469154615,-7146995225731740635
253,756,6964164377595674073,-7018898551465624842
253,756,3550867466630111584,-975388401260352468
253,756,5048085529164352590,-5448394339607505727
253,756,-9120883885061624919,-7633400576971189130
253,756,3405176653809088922,-928070777097160234
253,756,6832165194541598113,-5260658168216543953
253,756,2477752778262703662,4613369868699843784
253,756,-7092079457163634913,-2430264252628072705
253,756,784564244231959166,6346538040079437084
253,756,-1201205573633277409,-4323704131700113211
253,756,-7038233309977517661,4607132823234390140
253,756,7303258315431293148,2879778318459215778
253,756,9007382527809783775,4430319536813819802
253,756,-6191987736384463784,2713974022705784570
253,756,-5009792063624325152,-6546530322116431560
253,756,5837542985986901304,-6614233021677545218
253,756,-5008868142800532913,-4756305459533140922
253,756,4526411994059511812,6120774244431514351
253,756,5252331399752719543,7765763103133603687
253,756,-3453688780006521220,-8460210197052480037
253,756,3637999218624745734,2009362462612055107
253,756,4401707614159053672,-5041937231667622895
253,756,142036932377804201,-1097056531257364250
253,756,2271471791189914009,-7862072256074716771
253,756,4036379516308720851,7009374675538928409
253,756,-6603468020695655445,-186002595906121300
253,756,9182542604506152458,7107793790471170601
253,756,7741196236961123441,5959715293101170675
253,756,4844922396462797609,8798415674396109980
253,756,-6580967768324217503,3114704275918844500
253,756,-4094731359601920380,6959291039541736858
253,756,-2381976586554072743,4489022911944398865
253,756,-3821697337539309116,8323469407952093143
253,756,8688391693726811343,-3347350579628996041
253,756,-1274370479928922394,6076272893348892761
253,756,532462919571490066,-8387473413713066338
253,756,-7797928518326664594,986565952169504686
253,756,-4986463017805172772,4005430941277694404
253,756,-6998766959607330838,1174069197251491156
253,756,7808230887392319085,-7234033616509333154
253,756,-4897186986783548503,4808322681296690641
253,756,7161533250005989468,6119524871793763038
253,756,8737257231682595623,-5673475602073012790
253,756,5610310206397206001,-6031777481799552553
253,756,-2313281579398542865,4687036494262253428
253,756,-1570445865784897902,-4753434974505292491
253,756,6674518219426607182,7074042365019743974
253,756,8744567502315533628,1720545457928592885
253,756,2207368921520885819,-2167948841674022827
253,756,8988083966685342736,3695723748704817897
253,756,2089670611817709306,-5277281995723507258
253,756,6590383192840325250,4679070511077446423
253,756,5597283653868635950,-3138104794881183188
253,756,-328214265409881426,3686231608223510695
253,756,8471687609302295004,-4458832558060191030
253,756,-9210183634200109914,-3315004085518816263
253,756,9178113213991505403,6963007661179827680
253,756,4273236927307412026,1542388781145618392
253,756,-4513718760193686238,-845590096472614923
253,756,178840898343060314,-4317015174599193563
253,756,1104439198125779710,-2897541412994656770
253,756,-5689630421515089008,-7991450513895969014
253,756,5098810738066837175,2629319538233255989
253,756,-1493470459588206687,8462077213253475434
253,756,7077629046301194763,-8135588339977693864
253,756,8135417222511800897,-852738902340028774
253,756,-1645343986985308935,-707952574608764455
253,756,2944177358404391823,-8751129041052585678
253,756,-6812587174614099474,3081436470485015484
253,756,-4713450831089666276,8970680140796920318
253,756,-6615437275717846203,4333389862527977312
253,756,6643444760392517888,25376647766028334
253,756,-6240201234193256708,7523693922426986933
253,756,-8389866626016027497,6436747891452107741
253,756,8671914246802090156,7774111362924733568
253,756,1733410153874254917,-8721797481707211303
253,756,1135710703615912098,-8109141588280694790
253,756,-1356778522201801760,-158722634515977600
253,756,3984562466179803249,-5848760382022203356
253,756,6400176997803365602,4367879928157651556
253,756,1611937555459233726,3376055545490810909
253,756,8225785359119866221,8853533529171692377
253,756,-1126940238877828835,6834800444825282110
253,756,-7708551465683389875,-7557379932529273580
253,756,6913433795941457423,4049698654038996390
253,756,7938923776186335550,1396748860385287629
253,756,-7009492634794466692,-2810596106783390823
253,756,-758722737739560223,-5630981621934669093
253,756,-3496281734080071245,-3101017026849771311
253,756,3135769405704884437,7313234651003209695
253,756,1052525192414144797,-5084905138813646743
253,756,-9100188229239623046,-8039260867835195641
253,756,-4064946423586444779,-2026397607489608399
253,756,-6333981293667628483,6060832645208675217
253,756,-6114065817175732271,-8660610496654138046
253,756,-5538917055603028859,-3928064146933411196
253,756,-7210829787171983211,8574975452204759975
253,756,3992253537221270626,5496860629370676509
253,756,7735143366721423057,-3216389436301481054
253,756,6335441678906067093,6561858373204853273
253,756,-5297208232989496297,-7794483482590414297
253,756,9117309293572194418,1670684563930709887
253,756,-2786489720696490082,435993862234759485
253,756,-8693228128981291421,-6417490263409759867
253,756,-2606819542373266593,-3057566853212534026
253,756,-6152132774526419869,-8146909646406495691
253,756,-5947115858840320258,-1715879989210999113
253,756,7943866838539862298,8687287359079189752
253,756,-2015320228396000818,-2643632565618539465
253,756,5404156658570275832,-8665782891792684116
253,756,-2173472140533139351,3309344691333370856
253,756,-7184908151704897976,-9010230218878197486
253,756,4860237308090303155,2644766265321492428
253,756,3434331412022184777,7170764386677439682
253,756,-6390632307694066845,-9158709623256061292
253,756,-3806869033845720988,2238694047444425022
253,756,-3205630443438523625,4286267790238942935
253,756,8247686203411338940,-5634839448574844254
253,756,-9025686322570877136,2781876996240539755
253,756,-6839912072115942410,7278795729378701725
253,756,1740356798202108208,4819673399143153596
253,756,-4923378726050889346,2376296201671982603
253,756,-7450968445456808309,-6926200102874940208
253,756,4823787605641602883,1459189670503593019
253,756,8901499441693905259,-5455121496743928387
253,756,-5959773172287700803,2210361785428256729
253,756,-1398836251563480693,2294684337233319187
253,756,3828391855537024276,2815044419979071052
253,756,3503949606616768276,1923859519637477478
253,756,4557113909380594435,8668741906948796541
253,756,4458595630410634528,2717286905070919848
253,756,-773210440826993280,-5814401598332280635
253,756,4608802975706912467,-4794698129357097295
253,756,-3595436485798765664,1339221923493174154
253,756,-2353911849781472793,-4044393623014661458
253,756,-6948910955981554532,8409162703726224111
253,756,3399481543997411358,-6688695879297616915
253,756,-6168362148632536976,-8036268622293053747
253,756,5494987000625644779,2556438605038338871
253,756,-1613104662998625724,7760295548568730606
253,756,6678338660820501798,6071513778540213746
253,756,3726990150277170720,-2308373553353116055
253,756,-3746046088139772328,-7942135665491738586
253,756,-5126049083197976906,8909046817780327886
253,756,-1995873100922667823,8268958199741320409
253,756,-4090989180806857005,7630368757157260093
253,756,8596386527893230179,-6906330568494717561
253,756,670609007757686815,5906729175711384584
253,756,8360592872228353134,-3329247468708022563
253,756,4187266042323833667,-4651009956403047041
253,756,4962170342136013932,7502211175538934711
253,756,2173296010100036758,7474445640300773700
253,756,-4548852212109167481,-8493108535220213293
253,756,5294528503578176635,320079065562237552
253,756,7734101196168083371,-3552647113343412191
253,756,-6326414289073377391,-5173779733967618300
253,756,1291524669877310704,10358776060779314
253,756,-3748899192487492090,666506168812541886
253,756,-600818797929950985,982944003140531903
253,756,-2385394169348530345,-7766037390658866888
253,756,8619904899676743588,-5090093222998163199
253,756,1264130897922368619,2884121608991982005
253,756,-5193867153289043043,-1561618890562996695
253,756,5398986222532265122,662376659022802598
253,756,-7785633545968569945,-8557031045843974448
253,756,-8171309127725669504,-8647322486342947059
253,756,-6765362914977836018,-3893845002012300314
253,756,-770066708151316537,6060277563860997943
253,756,729882924150032985,-7780856529979083284
253,756,7245939727973221868,-336105499468070360
253,756,-4243950799951784217,-4149575327371484315
253,756,-5782593407378623985,-3109157245070461385
253,756,4199862763157104476,5122649162837806426
253,756,291937627913026588,355284970756876204
253,756,-787072343476506881,9013916733683263954
253,756,5440151977961912454,5624012956710232902
253,756,1377107428227712922,-3195599502867973500
253,756,-4693574727712838847,4751244372498916883
253,756,-7358628948574991312,5099337066759538859
253,756,-9198784793929432381,-7825617796700295619
253,756,-4869383179255034499,-8500560785670963173
253,756,6984830504472361807,-5400334874229479378
253,756,2893739420977096845,7549193941935512100
253,756,8511313642518425398,-6853180525572144531
253,756,-3469544912683521617,-6636657542266092559
253,756,-5165169491959467528,-9028934921377228229
253,756,7881373158743330680,6734704213159262151
253,756,3407102104415107997,4987990751086258977
253,756,-528678807418218780,6741998733933781379
253,756,-2202541392371643141,5820253661822858663
253,756,1183205645013665276,-3931480984258794082
253,756,1716230386381966201,6056213101436973331
253,756,395743397222213220,-5178666261263237445
253,756,-3018214909003915305,-1393268809025165127
253,756,-6327159147312075145,4560888846205066706
253,756,6484198271181713586,-6119294293022544172
253,756,7320181144921617835,-1933915923439526249
253,756,-184361410023776327,-2975046464708795296
253,756,4272589762644434817,1864701381368209737
253,756,2314009993426873205,-3763336127992855558
253,756,-3332369981931764857,-8721813904665020614
253,756,3270556529060200042,-5350909097427957565
253,756,-3420719087741401890,6419753084810138929
253,756,188372916913744995,1531795754266178106
253,756,8687557811002643562,-8852508278666034703
253,756,1953927562399016884,4151775628883755468
253,756,-416009038616097319,8107535278796711030
253,756,-1861951907975187698,-8681430709709010231
253,756,3519773445914858705,594313764901743331
253,756,8236133827768000310,8913116685189259092
253,756,8235731562169872942,-9171243730038367289
253,756,-3363931936067521262,-7949164428542599105
253,756,-8318191097244159246,-593865171149441877
253,756,6034423395240740444,6415485243647214220
253,756,-659936932341826016,4939660384233241553
253,756,4811413536701731765,-7229845232176684054
253,756,-6595224974378241224,-1293606876853301732
253,756,-3153146673234304025,1747968546711129661
253,756,-5362885857251069354,-7920004356005060604
253,756,4995387183286847546,-5851745192044076175
253,756,201795334225281693,-3722295938374858440
253,756,5197502351241728962,-2899187337931839500
253,756,-5826872524228981594,3166096541921357354
253,756,2037530965196640140,3054512349840338567
253,756,-5629565658589577568,4635945141547707236
253,756,3934781805631653044,-6921761746098820971
253,756,-7127377917981601403,-9152868809660388676
253,756,-3718326060175910982,6849379637188783300
253,756,-6461247921412183308,-502013203625977934
253,756,5012476951670592172,-224991192805175804
253,756,-7607605354984647704,7287955443583842806
253,756,-2843144604992966782,-7434135280140361722
253,756,6443295115667362608,-649629422306352412
253,756,-3291154744241387339,-4075956679461225373
253,756,-4954225048715037243,5547715695504254321
253,756,-1354257741057836227,-3253066610454048061
253,756,-2115679272563204384,-8875639436145404267
253,756,-5294944745627997234,355093649719580213
253,756,-6695135691622733818,-3424560069465877241
253,756,2510126417666785535,-58303463854492371
253,756,4305109917995456754,-6796345942102622177
253,756,-8789887903817729696,1320545921545003865
253,756,-3979817179506392397,8823536778510010139
253,756,-5299495699345390735,-177525377695984989
253,756,1178399034570113719,4681184407802137147
253,756,-814374813182272246,2605123222451480763
253,756,629819774670073627,-933052706418731010
253,756,-6360519104455299928,5334724277632343318
253,756,-5295266894189218707,-7265192462416592174
253,756,2979813733074548173,-8785380619044145467
253,756,4578921814712678896,-4368332384567995238
253,756,-563585092123576384,-3949525323343581364
253,756,7190073125456595240,7631379594914707982
253,756,939046531898759413,5822063552406782440
253,756,7126359781028225642,2570279577282129790
253,756,7324302023931370424,4544005241155280877
253,756,-7898692973039355016,7099357859740701366
253,756,7452605468505947924,7907161672128490824
253,756,-130789440854875969,6938473493590878533
253,756,6242883947407644869,300778813683631258
253,756,1867882257210257954,4583532274201598686
253,756,1804320380666526806,7306658596999812519
253,756,7523800761070338549,751535903758120502
253,756,6721595180991131080,-5859734353914264467
253,756,-1085539691720871477,6111059021813929144
253,756,-6323377294326913075,-5350435338808308051
253,756,-8125033822668644110,-54763122913735088
253,756,2217973441896174691,-7632582269352153063
253,756,-6890093143577436606,-965569941265720686
253,756,-2262262431573962928,-8651869363128234907
253,756,1387765537603137152,1257903528820653445
253,756,-5785889380804328221,-2885993137059141219
253,756,8051824836505029606,7299304163742405933
253,756,6669796977577189253,2462256598841207292
253,756,-3845901136294944075,611619407899602206
253,756,992616569454467285,947078709453368583
253,756,-9080837617592746685,-5119765687500635790
253,756,-2167777165374344644,170583793760608781
253,756,8854896926150929900,-8994904860961791822
253,756,8081768329675173583,-549834158014880160
253,756,1635254077992556518,-7261314823526795208
253,756,-4574885685317749500,4716187453018461816
253,756,-1706471822553721502,-2241896767608250451
253,756,1198192853041899796,6602276205113561192
253,756,-1827028741152260959,-8226582488995141372
253,756,4782746668563881734,5177952314552029039
253,756,-2875399774188679031,-4113511907492165315
253,756,720281685221478647,9086309424894979285
253,756,6469638243871969743,1018539887461017413
253,756,7404554872535392195,6139333356399634933
253,756,-5976069355708826230,7263338873285155608
253,756,-296560206501865364,-2628004560544937737
253,756,4089142051036991548,-3743873877743316765
253,756,-8919507678149154812,867193361964568309
253,756,867117372101716398,-5236342695697415098
253,756,-8501180312351225896,2616992040722344778
253,756,6939921206425467265,5206423862365774150
253,756,-4631184138105535711,-5705106916437515007
253,756,-3571972574749464415,3728483647936618967
253,756,4223040111220717078,1580081362000644980
253,756,-4254895554267385532,-4336016944756921993
253,756,-1354282556768079261,4048381928543139547
253,756,1226687832453342563,-2756017897318497462
253,756,-5024232327668798907,5496239500103938884
253,756,-2994731382685389096,-4638471676298314128
253,756,9116730800631887982,-6699527865119161260
253,756,3746959406062887354,-3437751692929983359
253,756,-7975253559563884868,-2322332262837547311
253,756,9040730504679866633,5183436149891132969
253,756,-4951947253402982782,-7133396050503659666
253,756,-5423754621188984407,-7071523328690194625
253,756,-2679390179828185203,-2939838985750733506
253,756,-2468222664655137518,5051019983597393251
253,756,-6187109919563197048,-5652932781298852124
253,756,2424245152175841265,-5754504098262590027
253,756,-6888055511777067732,8262785303298065728
253,756,-2317809392288736997,8797426207629515593
253,756,2140690970718500271,8100760267522510412
253,756,-7336472322820773121,7963631905300719260
253,756,-5834116646902075384,1374692473744869346
253,756,7464238766653142332,-2081376595240941718
253,756,-8698213490591037259,-4486685950546026716
253,756,-2645224571555541523,-8786962929207292858
253,756,4399094131747833110,-7928513649875088628
253,756,4075540796915350020,-3103753174627790345
253,756,7252750833941732415,-1887456896776011652
253,756,4113666503293580619,325662511625957556
253,756,-1594359177061056479,5095647524179230460
253,756,-811111925658417653,-834805602584734801
253,756,4172607532251452346,-4830672070990008464
253,756,2130486074634516116,-7272263369855615984
253,756,7647568269849700669,-1802142485282718306
253,756,-5893712228398218457,587635486993639525
253,756,6651736558792938894,-8798897637192515175
253,756,3280712564270128780,1501523795633414505
253,756,-8511510190855734688,1038406862190634288
253,756,4215828239714821125,5075725151773982722
253,756,1973394293511775383,3882705819887577582
253,756,-3944879357338852881,4791051220576784464
253,756,-2302092090494671181,-2934936057253114059
253,756,-3312486048063701783,-3280036449345613357
253,756,7576726528550939552,-4737891458744444103
253,756,4432509324620926898,-2861887099603728795
253,756,-8063799056135915331,-6303821937999336216
253,756,-3114031576218814846,1642388762121638800
253,756,5225963357374411747,8284952348152842808
253,756,7742381672146017561,1572705200188975927
253,756,2706316174303878207,2470446577088073273
253,756,-1905481607593144006,-62343724200918237
253,756,7608511251323411968,8554579863000960079
253,756,8948257091882848056,-1820183899015472174
253,756,824771108470437733,-4858764400832868001
253,756,-305878614696819245,-3721938106712375740
253,756,-3312449322812487949,-6284061597477975215
253,756,-6470719867991795917,2938359084497870131
253,756,3729009699793716162,-6634246657339335528
253,756,2752040658840129819,-7622265822197154791
253,756,-6022779358121121799,-7784304703964157649
253,756,6842844230570920890,-6101454681630286739
253,756,1622508026162644610,-8697925275942106454
253,756,-2190110087543020009,7967654242231929742
253,756,7067674774593113774,1954912717655086459
253,756,7884774537363607167,6385805536640406245
253,756,-3760590613052292449,3393678004858800126
253,756,-630093270330587364,-101796292774650789
253,756,-4024306748126673439,-1682688424812342058
253,756,-5627121186584386192,-4795607739385876495
253,756,-635965570850451152,2804691591465381745
253,756,-1316983190022435453,-2177695268484968225
253,756,6241195002438354044,-387398198341250440
253,756,-7057651379430711312,-2647714497995499550
253,756,-3323158024605030094,1664326268881433243
253,756,6495569239073339059,8622428603141233371
253,756,-9024082698348948397,3179127213842275905
253,756,-9204575679454373502,4030083620530254866
253,756,5881972627471140420,118099716900093154
253,756,3211952845553636837,7388669390381500607
253,756,-8937223050213102053,263243286542008837
253,756,-7632982241403357212,483684162887211081
253,756,-8262780523503829003,-2997323540818795180
253,756,-4393407565915529786,-6644278177059384557
253,756,1368086658655514294,-2709246517566328917
253,756,-4679559556465586016,8075905813837378569
253,756,3362487714349989807,-7297454472317476675
253,756,-1114413127965916349,1572679248409589928
253,756,-2794927419900921173,-7934991114407563054
253,756,-120026850808016560,4418070183309704878
253,756,-3740519364719132749,6184711291524492764
253,756,-1614578204682577128,1452709163980857846
253,756,6395107916168883840,-3679051063707546915
253,756,-4257671311638520595,8390131583833303349
253,756,3018411843432810633,-1067511612313229225
253,756,-4137718417853347999,-1767990228956328935
253,756,-3198388761344271717,-3954564796240267125
253,756,3620092775773701021,8466665067183361761
253,756,3522610700434070996,3497776418137860268
253,756,3264540921246805390,-3738949615528066016
253,756,-8120417016938303672,-7002350313878844702
253,756,2785263717063724779,-2127121733019656139
253,756,6673614587501311690,-8816175503768328632
253,756,5627423052772916775,-7707979797533482407
253,756,549048307572171136,-6698386766807867156
253,756,-6063701404781724930,3122703198761678486
253,756,7076903597234717690,5132256566856761436
253,756,-503301252390813452,3504515431599879946
253,756,-2027491089962350928,8822273425756323377
253,756,-5285793194458470954,657144653879221538
253,756,-745203725895003352,7428317884217082272
253,756,-3086898589742700043,7280807151866613746
253,756,2362198093359682585,5394504206927903387
253,756,-6554475616614693660,-1069867320203127420
253,756,-9051237293974521862,5312528334831000407
253,756,4239827518246440790,-5719419587218220149
253,756,-3124365743631298835,-2330871468788286705
253,756,-7664543813880012792,4140935083737310257
253,756,-7118555407002346370,326837289455995606
253,756,3637060033827093278,-4218037150624598933
253,756,4898231823205974520,-3474785344242209839
253,756,-611514109052737715,-197584502281374945
253,756,8041688304809433710,-4950632906455754004
253,756,8963106132760114658,-7017189632174005338
253,756,3033993502930610936,5648570823381983160
253,756,5544014463333760851,7381443927077365214
253,756,3625684818465436177,-7297824092307049415
253,756,8699534907963270268,4607337817784724214
253,756,3453350072289026598,-1706386680934026417
253,756,-7495674002809537807,-655683824855892026
253,756,814455229300915399,502130236878599982
253,756,-2256019144692152738,-1005874920216676804
253,756,-6067676069141797804,5664227675831753713
253,756,6603159551484400134,3480161750710550716
253,756,-7175278291317159222,1766388579465499368
253,756,-7098891943918668722,3831636444572112888
253,756,6490245090362872831,-409361797988227173
253,756,-2231250824051630409,5939139470186278734
253,756,3787419481657865015,3077818094202793174
253,756,-4724449479514819797,1228502108149998041
253,756,-186853029162271077,4627152859703512213
253,756,-8959415367215409641,1263719447517631815
253,756,8824256520176780594,-182583407053926039
253,756,2884431940853964103,-2422845628641761150
253,756,-3316355517838247407,3394374106079942878
253,756,-6210720040468062382,-6934460941675942080
253,756,-5153141905149173740,-4444472745536002170
253,756,-4834119173277178869,-3059671066972222478
253,756,4761390715284341981,-2362709557510023371
253,756,2010126440839910678,9087466402143078037
253,756,-7192743170646778246,-5265857642727995380
253,756,8720016553814228588,-3159490074186542687
253,756,-5647172524278269510,-4575014915372422114
253,756,-680581062749070607,3783746377649991132
253,756,-1754939590496226357,-7241863566187345969
253,756,9179537380795441513,2571868875527614676
253,756,-440259602270928929,-4993469682232088023
253,756,6312498451944343178,-1156127025453746640
253,756,66456657363528983,-6723151656821846099
253,756,-3417398004018306957,3309002051857027249
253,756,-1655824520859642557,7447066017383296121
253,756,-2238453653204882120,8605721568290293730
253,756,-1145288216863973233,-4374969761474976365
253,756,6696822893512567416,-5985946648481600680
253,756,4472487167168048798,-4873217076598643216
253,756,9111225798729728270,-3970717801307407660
253,756,-6404831946525783281,8823714027212465274
253,756,5119745410709369086,2925646808360433087
253,756,-7651131913886863391,2453145886998881510
253,756,7631954821057838724,-3922830685563179098
253,756,-8011535001270541969,7336495871798008015
253,756,5760604007795225012,-6993345842661344189
253,756,-4615243238128829648,-4434550016412422984
253,756,-6010671757597453725,6869985739551089797
253,756,-4407144634417052004,-6045414586248043162
253,756,-1239970445116161006,3776092766077179554
253,756,-2280006825047524170,-247878627861706017
253,756,3261061424103878548,-6685124359892883179
253,756,8540916579292023962,2117900543640994389
253,756,-2850359904833046612,-277550933438419843
253,756,5488202148847779811,-6406220206961818280
253,756,8661810613941013793,8456718706466832954
253,756,4651079072342325252,-4521805290671100956
253,756,-6339056338397642868,7751523329647689018
253,756,-8599160130043287839,7328255468598849288
253,756,62256673309122259,8314255728217679822
253,756,-5020552717452375235,5081642956952463520
253,756,5899755801405011316,-5290295315939105972
253,756,-3739463842682477416,9104901853307540594
253,756,-703848001307219835,5463663033480043818
253,756,-7939189660880086339,6499056763924839979
253,756,8160317882371556294,7911885570602853261
253,756,6013715169567646848,-7509107672320685627
253,756,4133444628729820940,8771354955997403214
253,756,-6399693291439276891,6536099652056712152
253,756,3242371854921283586,3704389632871146875
253,756,7327808167230751417,-1941731269073593570
253,756,4465715297984124562,6499372374935237335
253,756,-6265287220722235568,-422607384811277700
253,756,3902495071665165484,-8391107570712901860
253,756,-8211036420292140505,-7679228795861242525
253,756,5856542672357173800,2917973761966047171
253,756,738873955012686542,-7977886869385085904
253,756,1693112710746855488,-523664009133260815
253,756,919068099665923163,-3823682757580373574
253,756,-7606445548477157895,2344061267007998557
253,756,1579996872290436182,-1305397621940016237
253,756,-5114925719245954880,-8863539632876933214
253,756,5887395456308583973,6316052234474885359
253,756,-6183658463702043268,5149106842992931264
253,756,946417219537923913,-164661566290987069
253,756,1153929948887806665,7847917038499569003
253,756,684101222223918864,702019313876955700
253,756,7075056664222135983,-3782471302963135255
253,756,-743795391684172324,-8127239315090834518
253,756,-739854477656134879,1093681073006193969
253,756,-280904122206937052,-2700321376222247441
253,756,-8915917591858851410,7509334951531847690
253,756,3226123211713621333,-4065530875337580732
253,756,7326096459323368870,-7316808169227189820
253,756,-4439373742656903569,-8907728305711793639
253,756,8635953493509567653,-2566878158858617811
253,756,1594262069267341427,-7079353396140659409
253,756,8605695264473575962,3025681290594954143
253,756,-3266442607672749615,4327774985777781789
253,756,174105458757240164,-8960302494605573663
253,756,-5356456090256128986,8223310563024806335
253,756,7076346754433396952,5940987376315874661
253,756,-1028178580249166583,4075846214174266629
253,756,-5113320627084354506,1172384894035467043
253,756,-250959521472638286,2865795070516653570
253,756,3805869095097263322,-8326310931502807043
253,756,-3091232728593377124,-1512884379267034585
253,756,-3682513673516843005,-3722656903283694854
253,756,3358527365355604418,6059395155733531230
253,756,2622768695968534251,-5249807264972820180
253,756,-7443640015873009706,7903913436876868161
253,756,-199088979233152516,-9180715389219553223
253,756,1652237658763767494,3936519338799319714
253,756,5859078385745423426,6405922686527757209
253,756,-3420081914776859868,8366127671390534623
253,756,-8314068661145566573,-8916876245319191402
253,756,1802808679451351821,-3861955673328371381
253,756,4577037670736874453,2673267238164977174
253,756,-4476659294943594361,-920922230762355299
253,756,1627969998517832326,4966443595003420961
253,756,9075697835052733118,-5049041837164772412
253,756,-2401689298237724485,-3776442136469292153
253,756,-3285170866540685733,519633070917504955
253,756,4424325070839652885,-4980243674162822587
253,756,-2150396092547377840,-317967169341556794
253,756,-5402506119390047380,1327857744597040024
253,756,3646138286713448101,-8516649833216865888
253,756,8401088374157794565,-5614818973277637022
253,756,1043024176801728787,-8379138979193640987
253,756,8847012797005211691,9089903739379453067
253,756,3720547969873325578,-7379911553750705303
253,756,1195715188355018835,-7534812505639506041
253,756,872452017124371440,-1532398493105410450
253,756,-413500753990042160,-2703979094054178010
253,756,-3764564554131711751,-7112880092523024869
253,756,-1365842887434407716,7166541027593221126
253,756,-7143832247740782012,1218638419050485533
253,756,6517876029995784656,-6956976236945538812
253,756,6636325422692013523,6489072987746514431
253,756,-730394974208959155,-6807096493665633583
253,756,-5543752233896782621,4905620349230633921
253,756,7735091302117479792,-8641191641238456064
253,756,5722467416230898741,2542512916430608837
253,756,-5751033792905922361,-1055144598572237747
253,756,-1582716574173434940,89057171575199123
253,756,-2187950535306996217,-3447654215108161874
253,756,4525046575979470306,7450470869681479746
253,756,-6208375329325865375,-1584777536734229988
253,756,-7546318805734157558,4955027036244003873
253,756,-982755395168976995,-1251966322506366659
253,756,3624627942982632205,-3113494787198724873
253,756,3793502511670142489,5402915884398790545
253,756,-3713574968196187278,5970223344462556352
253,756,3097133048912837331,-5078751494980272249
253,756,2622357270060680542,-7266922105305517889
253,756,186684397735942130,-5973290819083461030
253,756,-6759464161532688227,-6639221344122127240
253,756,2322994961697436564,-2723574051162324972
253,756,-3010845552077300592,-1983785280294648981
253,756,-1468856695607592466,-3014380209564379004
253,756,-1108566480983204756,3714759295776404755
253,756,3340011696458095413,8064827869121894663
253,756,2437061096017923036,-7681366697239996033
253,756,-1335309791679710758,-6833606221380605845
253,756,-2242365157919613772,4136393640204366588
253,756,4568572236526436097,8596923261045761612
253,756,6637136120084503301,1551448841759382688
253,756,7546477874243617934,7104711369078701294
253,756,7753630322353729645,4892605742835690958
253,756,-4782342051282694513,-8157084120648255606
253,756,-5930954565166498055,-5197158610890549064
253,756,-7402245763133776424,-25935880426118403
253,756,-2243327290606814371,7794048989760444934
253,756,-1627963357260243155,772996011387735818
253,756,-2672720431479869354,-4482948976824554924
253,756,-2914232634823706823,-8405302059899745377
253,756,4584007204941973198,4427816385081350655
253,756,-5642016358620881498,4752813008409283953
253,756,1120179197240243850,7101372731124951842
253,756,-7450121249698456100,911752712924649003
253,756,-1426225735785001083,-6876142599687270924
253,756,-8940216613516169259,-2747399785766263981
253,756,7365281207414157248,-6124976672603453384
253,756,5651666488824053977,-6670659840753319738
253,756,-8978457021266994811,-9184807500644202730
253,756,-8440461555666708991,-4195924208988677495
253,756,3318855302422975788,-3879880142121474058
253,756,4441603238444776902,3763945245906487103
253,756,7530343872627303835,5334344349438363964
253,756,-3716366564365258901,8967657325908398623
253,756,-6790775193675143196,-7188139261095170685
253,756,-6055590977996405609,2619583750550637470
253,756,7107479666116937523,-7881992790885926718
253,756,-4480654130335504610,-3765740834771879153
253,756,-2755342061801628972,-8573752584722914972
253,756,7996587725403756748,7643430389135478738
253,756,-2034913625811874903,2386220976126291764
253,756,-6808846752336916229,-2859498280862085958
253,756,6224959920914901687,7142848580535118685
253,756,8087420058031766564,-6345823908820047391
253,756,-5245142173537858372,8441304669812134012
253,756,-4231907407663261268,8345458405536996939
253,756,-575460109432155498,-550845344392780154
253,756,3886962384650497432,-8924031591889687373
253,756,4052133412994917258,6688820864641823537
253,756,4985100037982911099,-2507841009572379440
253,756,-293876075994880211,3097756098922173786
253,756,1126345816367866760,-5343925440156700361
253,756,-3146187024977016701,2674478379058794895
253,756,-4476817768327750276,8175196613458374222
253,756,-6544009902705893936,-7384018045407318943
253,756,-3347622962103472407,-3247503968897209920
253,756,3661161720238282118,6711480797170671376
253,756,-3978289239335454076,6892356263757268350
253,756,-2911261671105487003,8693796774538863561
253,756,6990661508883327368,-1259122285641964318
253,756,-6123212669034890373,8426764832323253904
253,756,7795849389437317084,7293289045579570490
253,756,8918930340039445942,9072555079488465375
253,756,4269182964069140922,2367025504611734585
253,756,4971592570855254585,5399730204631792334
253,756,-4205530451662230773,-1349335479356359700
253,756,-5290813880926850656,-7895321317694794061
253,756,469141773450244780,-250286998491862135
253,756,5888875552475527093,3018912995623754965
253,756,-7176715506326154945,-1293519582010932435
253,756,-8617878125411537046,-2711071009663981133
253,756,-1425858047192613868,-4768218311678873377
253,756,-4359317652973398993,2229463363439240994
253,756,-1261796440714043587,2640556787833814202
253,756,-386514754519869486,8498320994409365721
253,756,-3980090765481149508,-5593310761559924893
253,756,2442994294169893073,-6110595368440841103
253,756,-3031842658740061803,68680050574930654
253,756,2432507313577078603,3553695976377494389
253,756,-7136926798786776518,2440732032214364460
253,756,-1591192412879030496,4078352460448110286
253,756,1622269667279371677,1596067443396829366
253,756,-3539699834475060189,-2899351182012205081
253,756,-674798937903874634,6575775303580784106
253,756,-4007312090618299619,-7788009478648832787
253,756,-4191745631989654914,1170905134957367197
253,756,564646281338776129,-1949974029128652261
253,756,-4467678275726625166,-1444817795301858698
253,756,-4685831038143841457,6004921683099008653
253,756,-7030454161711441223,-3698849767979129836
253,756,8704313230445490569,-5810519587984530448
253,756,-6503590700219356762,-4546165288950289613
253,756,483834693218500501,1213672144924693891
253,756,-1820799686994115165,-6300388105660893743
253,756,-6926217331771296886,1875341280641105771
253,756,-8988677218733235020,4416405593052570881
253,756,-1236631025016830411,-1157150670949208578
253,756,-4103933306127836906,-646130723003092708
253,756,-1285317643863138392,-8738147501381250489
253,756,483504290213836125,-754470915399905135
253,756,-681763947169963001,5207595494080381170
253,756,7632532014845826293,-501695453938979322
253,756,-6947958701341205650,670069541659435703
253,756,-1859464989290899444,8409285019792828405
253,756,-4954196741036532337,1083234277794120050
253,756,536212979669806652,3472004151861763524
253,756,-2483244198880877507,-8299921795183879214
253,756,2125450665440412914,8171065055769570197
253,756,7862545825584788320,-2985781552533240981
253,756,-7931715423042743654,2210783562131310565
253,756,1947200893351599362,8059061855288338244
253,756,-1772846152402204891,7335488121916464420
253,756,-1519850742648666149,-8695224252323096854
253,756,-7982626631706235183,-728987933519605884
253,756,5210226733156503012,-3379124298318756195
253,756,7152205275998086552,5526904702915130458
253,756,3258649494665901692,4669699736043048982
253,756,-4782671504495891157,-2336332246892699832
253,756,2416885653008465274,-7702023092936496827
253,756,7079279846411863109,-5038698282225128290
253,756,-3340980050938348437,252158644252375617
253,756,6243762023564564955,-1740830915227105728
253,756,5909760700394359320,7210903630520904420
253,756,-6566181089572374237,1618892850989813867
253,756,-6394347408192824637,-7749292875746035583
253,756,7398605410459625925,5410826043818635981
253,756,-4131572524158744586,4804975439620663637
253,756,-5827249196143961388,-7711539532960936154
253,756,-7588728663399836545,1897384671265377802
253,756,-4541553858660352812,-6564337045836617811
253,756,2714643814379378168,-7643335431334283147
253,756,7910604843974352141,-1037813944130750237
253,756,7882779978354428386,-8200089206383644115
253,756,7561406517567444627,-1849322868873400088
253,756,-3412139325472685247,5292720961316366090
253,756,5810105687564012466,-5927287236507444683
253,756,-7287001460646974432,-9019053575445434203
253,756,4498575774394715825,6167488112248845363
253,756,7392455926937884962,-2983272254284669081
253,756,5067467356638168374,5313155781823374709
253,756,-6940980341654309698,5050498366472555515
253,756,-1447138247770614699,-1707219340748274295
253,756,6582781330569676467,-6207089084131237659
253,756,-4497447338599602752,-9081589525504208377
253,756,3731758876238357071,-8789472156398873126
253,756,-2108069331951350591,4770145886282153914
253,756,-1254516658853172571,-4711980909318936025
253,756,3947168446493741414,4721061536674380790
253,756,1871364318327952876,-1100898475978974551
253,756,2190330189353169406,-1689704185855950957
253,756,4756297524936070889,-1356197743703194305
253,756,2783474431265769522,-2256041510341734710
253,756,-778953051058261906,-7156008718139025005
253,756,-2321771884168060237,-4819404716227522584
253,756,-5000250379055170015,-7163804832251599375
253,756,-1141852480891463897,4941835840688939316
253,756,2175468048365824294,-3495087103472336507
253,756,4606733886765220191,-524839099910617536
253,756,3766060145411983094,1569912688759469196
253,756,-6577257532900101400,-6503965285877839649
253,756,-8100191968431320579,2928167531750121721
253,756,1935355433204769290,-264765297944441344
253,756,-1648424148676489483,8508626616534116457
253,756,5564072817840918309,-7046172396415431878
253,756,7935679292084576485,7936414232447532243
253,756,-8029939223732685088,-7915778979532612833
253,756,4770861263437218648,7692321867766219209
253,756,-3761897724760141043,5887051107088402263
253,756,-1506765866763351582,9028252204237396970
253,756,-4092215495847973549,-7132848196190947471
253,756,-1817634985768172199,8661620307294509361
253,756,6211670652136597756,2409565627036092682
253,756,1944918504080774288,2468837967672744392
253,756,-9208610878838495797,-6583540850242691641
253,756,5170438361767487673,-3078536239483525700
253,756,9052767775238224214,1239716191246753073
253,756,-1268568689363181068,-6037116262630513410
253,756,5322945348287122028,-3529751429096860792
253,756,9177797274309049950,6831450471722620193
253,756,-3582397486306399758,-4953452538096888640
253,756,-6791820865754863561,-530847533310852049
253,756,4707713168612723067,-7192631180353563977
253,756,4873451211116594192,-2861070249992903768
253,756,-2386636807802301431,2489698832952466926
253,756,1650796975204286246,9056918289221085778
253,756,-3047292020559611012,-6388911374728036906
253,756,3458216962926030802,-3525919874481165545
253,756,-210091259757451309,6842792750033215143
253,756,250295116213369206,-6063975766734227051
253,756,3181435589280960619,6064033201739240749
253,756,-1444214341006859139,7501301633725234131
253,756,-1491723812866739731,-8521146907983922594
253,756,-555337538500449839,4926922520181738629
253,756,9105061726346427759,-3672360212411368275
253,756,1401244548744277567,-9153119120526311871
253,756,-4940020714046599078,-3608107390721341822
253,756,8090656517656642603,7641372606809846889
253,756,-5786276946201758002,-8849852223529610066
253,756,-83274469987110692,5308728499809319163
253,756,448011303411728659,-4363961508940504071
253,756,3600502610411452705,2863625697524000405
253,756,158540906957914158,-6715626092890706691
253,756,-4848692768851941435,5844283346975310902
253,756,5666388275269199638,-3930214509356519749
253,756,1673174787517236706,3322156040978142122
253,756,871228819188317167,557218271145663624
253,756,-8968691368797001709,7789600871827887489
253,756,8975587188746455066,-1900217293424975394
253,756,-2301236298137262170,3377178592186368509
253,756,-8930109476177262437,-4339046726770222297
253,756,-6325159944207774541,2033437314871498605
253,756,-5640768337996166832,6120635709781208905
253,756,-8404150005783715828,-2657240366172700595
253,756,6049631629499566769,1790656313878628639
253,756,-7487097139587697935,-8272434007167257539
253,756,-6537483490499742602,1778427379088935894
253,756,-5441684639066087682,-7354510322419518690
253,756,-7766998031632607623,570599072781002715
253,756,7981388046971634193,-4220272764719650002
253,756,1044307999473238533,3981101356902644847
253,756,-701166933057589172,3432597651583945480
253,756,8589102629608346288,1310360063062406656
253,756,6390621979210006427,-6725125655762181267
253,756,2297236924540254804,-6848158225559194207
253,756,5917465490451686437,9182612461310004489
253,756,-9221274780023226141,4571924055679454927
253,756,7612231668322950660,8138342129903628939
253,756,7022959345986869036,-1210958615800087557
253,756,6098936367028524616,424045065688744761
253,756,1647604090719480450,6616004804218927221
253,756,8805504585276588271,-7218655540870696561
253,756,-8853983235059695917,-2754190408100347036
253,756,147752464465678683,-6374150470969935125
253,756,-2707978354491733370,4553780021907441625
253,756,-73973274354093783,3609848642452502318
253,756,-9134035965470608107,1230270829180080701
253,756,-7146553808553178771,1546829656407945667
253,756,4699991988155803427,-5106304663571398074
253,756,-8181745814025787154,-38235114104803497
253,756,-2640724961828223422,-7175036859681618742
253,756,-1370063633450292741,-7583060577712352117
253,756,-1808834059359517937,3268576631868227436
253,756,4482272662474624817,4769669333227995077
253,756,-52707622485261066,4342139732233764446
253,756,-8090294899119963141,-3224221578435957653
253,756,2020178086656166317,-2027785452825580741
253,756,3309535902330759774,-6509649643137164448
253,756,-1684696972246555356,5874794887355492350
253,756,-122368322976943858,7260667393441177263
253,756,4340142212933131419,2637368908485938916
253,756,5674743724508520188,8923687655880971182
253,756,-5191496091526342659,-5331345630812315807
253,756,6465518356502005289,6507654949642345149
253,756,-4840475193474704171,2030693177712150863
253,756,4294034965405984826,5592916175717725379
253,756,4730297740737901884,1607128687734025422
253,756,-8024883910656178551,-7657567404066473326
253,756,7120585446606186212,1374364282876194778
253,756,-2906843566684790905,-8274747881275719665
253,756,3915908996337487173,1675354764613012708
253,756,-7741035553707657484,2130671733234445446
253,756,3541190123511673314,7812342802007696734
253,756,-6554022789464753323,1967818092760058692
253,756,-5648696069735909405,-4951530111297980681
253,756,-452701093879367006,-6084910662725411599
253,756,3325107341197598393,7780831207080077298
253,756,3114404150056753390,-7157554736248479368
253,756,-2706647507573493025,9180024833374494227
253,756,-8081385697192067601,-1620235030600345248
253,756,-7054257309814874428,-4241459827055808043
253,756,-4428057038274609640,488085919845337153
253,756,-395343910896636405,3399701378757406730
253,756,-8580441725541175750,2402264418094708783
253,756,8596165728339229829,-3163501549953728085
253,756,4004074611769932835,-6644833133692302287
253,756,5537512189696867747,-8539867836609956379
253,756,-3849832902925672828,7690487047127752081
253,756,5366594108967773036,-1145492830143855033
253,756,-5331561201280306701,-4613426411707553165
253,756,-6086892336992410331,-5965830025576545193
253,756,5946274935780664342,7107385771476420688
253,756,2629239523930914426,7363144662589018073
253,756,1837632097604530124,-3903219523851453757
253,756,4002190626054764940,-5318031194266233757
253,756,-4445674288851949034,3437610882630822159
253,756,8718298388427392324,-1711019051713651309
253,756,-4969586088176185148,-7933265722653739204
253,756,-2517828368446535291,6506141399450556622
253,756,8014276254085920879,7077836635107507905
253,756,1485805369714118576,-8756686825251768241
253,756,-6430433958956792780,-2254815733031891778
253,756,1702617462381643520,2687494199642504654
253,756,5838162420693417214,7138331605075789002
253,756,1143968536273276634,846810081088242508
253,756,-1732911831692230356,6548799649769875753
253,756,6920475771487087363,-6143484480065173902
253,756,-2999121175265797656,-4536514884104860764
253,756,-3367333530078881348,3033528092442920058
253,756,-4959770791858990100,-6989643118053580896
253,756,-5062215172988373746,-1569167986803984776
253,756,6224619814465819388,3740671506428008249
253,756,-3241083598450966542,-8973139144671673570
253,756,-3657081992483664040,-5270627972470036817
253,756,4402371467023353588,-1385230129432463873
253,756,1494681711750745680,5354217967182415637
253,756,3673788658891719570,-3049998308856802458
253,756,8489865726955769882,2844938564124822185
253,756,-1000306292447792934,-2321477690903553420
253,756,-6186662946544297188,4293560550459902093
253,756,-6482441734863983823,-3435261248646423687
253,756,1216719637893588910,7998290843076873222
253,756,6457485976150459160,6121929185819780407
253,756,2660645566089642181,1282208285818574301
253,756,8726378367774523942,2167545377462650462
253,756,-197573385437175528,-4460481097971724487
253,756,719218690939546702,353511603025754645
253,756,-7211625166070222234,-5859499410571760827
253,756,3191652927583518880,5028537412385025357
253,756,61214236800535748,8904612102538655091
253,756,3562296757998773698,7672137072742766551
253,756,2058039496184798613,-3206085024952305055
253,756,-8178575539626302617,-3258152849117622215
253,756,-1678089884713473431,3310056399355678041
253,756,5076689411976679124,-108295626456949854
253,756,-3515624786688405453,-9085802111151115708
253,756,-1929175650841123924,-3713617738439955142
253,756,1748048015048707742,-738798151946684326
253,756,-4875416368072284024,1749615337855229693
253,756,30821415067270751,119005282058759931
253,756,8210716230374192704,-2659381905087504848
253,756,-7694199475152597651,-4645473603970453578
253,756,-6528649210753133606,-4433817057973105601
253,756,-3997190981698754828,2075425967272108202
253,756,6804023985613928236,6101800147349707351
253,756,-8758811065755652206,1364085690511324407
253,756,-668261709942644797,-6691491184805359639
253,756,8875950275495382986,6504661937660295179
253,756,-3711456800022081037,-5548192871889458756
253,756,-6083514061110680397,4150004451272467016
253,756,-1373618651268870638,7489043666107979768
253,756,-5324091962706210242,-5373672569562550517
253,756,-142025800919290068,-8499035351887111443
253,756,-5070411340905805374,368310797634494671
253,756,1973905280417096980,3176699642105189158
253,756,7131495648600806477,6441605735331152332
253,756,3260103646892687145,-2246534639581038986
253,756,-875948775250276803,-2554611398349719772
253,756,-2197356833643629721,-8146080997990568142
253,756,8776844556000215952,-6097947615156815253
253,756,-1552074839747634740,1914270903077050975
253,756,4918953200038023514,-7673829487217106838
253,756,-7346111333496566318,2228333215141452807
253,756,-7638006419735570790,5675446266496784964
253,756,-6291737497457151254,-2112084528180474715
253,756,6780584577020981241,-8743868011575107585
253,756,-6342638424165178533,-4755290065685314689
253,756,-7437803185498186767,-3277441234747717182
253,756,-922378999321407136,3492982377288377235
253,756,-2833206762068713201,2886836791449970857
253,756,-6458975106835528992,4094344642582655080
253,756,6725337649363542984,9038366727597461273
253,756,-7266604829212234726,-6999128375060780641
253,756,-2750825469975738074,3952018887730129071
253,756,-1887264522000417516,6710166833950072858
253,756,4286778516517455801,-6166290527227187017
253,756,-1471120726768234866,3030722390115161212
253,756,4001513400267649690,6596618276352492082
253,756,-1778925797175180723,-2140000893956532869
253,756,-8706021393331184993,-5131926477460774451
253,756,5536430960759477464,-3865441893417623191
253,756,962310960599508679,406885257351789174
253,756,1929690916415869503,8824514156639012474
253,756,-1255809816322733353,-5622574347069089036
253,756,-4240297214832648701,-4418710115942470823
253,756,1642610919868265513,-7655856211778104532
253,756,-8053507470711382934,-4951500852940686353
253,756,-5001276849575345316,917100844969253973
253,756,3418885023907120574,-569887013348100127
253,756,-1450742362061850918,3401263904884738414
253,756,-6202800866777471902,7707783513696424767
253,756,8864151114074949334,3644734566950046463
253,756,3334831924712403303,3003341134008468267
253,756,-1241192207020156074,6574770865674127386
253,756,-3532994898323554895,1131411618443486601
253,756,-3639444428398593432,8733409246289648590
253,756,5402674066111767662,-8612743424196443264
253,756,-3483223767176666354,-8869961445076136595
253,756,-2885513030984279972,-2201891569660343448
253,756,4173629019679392681,-5368164956572917803
253,756,7382607813905739565,-898456595209432592
253,756,-2237167009098245161,-5906813235941073696
253,756,-3964045834883348836,-1506018429571556177
253,756,-7753711158243918825,8730790913400174994
253,756,-4220874569642750794,7985807285410704899
253,756,-7660849428107720997,5425313311621302056
253,756,1834220734560417934,5626618285635637875
253,756,6690313671682010405,6757608055676721591
253,756,8508798967054961792,8448462996913439529
253,756,-2237158269914928924,-8738808742684598120
253,756,-3592776202081201861,-4861648768317820167
253,756,7405163652779481663,-6470401872765372133
253,756,-3134214149412166009,2890851393040800611
253,756,-3588727817486632751,-8446948923031378595
253,756,-9022570821644239558,-5430831754112030738
253,756,3821581367236518349,-2324879292633999357
253,756,1521408626693204486,-3380635856335891812
253,756,-3626201428806884409,-2134074088951696517
253,756,-5794112930614482806,-3170760948773694858
253,756,-3198356052288171137,-5202803647348500455
253,756,6263109219822177977,-2178789967683090558
253,756,-2400500099037827352,2691822548117647827
253,756,5077939508767656405,517382405939914462
253,756,-3600163185178475880,-3578287412974197234
253,756,-7644521166254090737,-4991353583199576816
253,756,-780162062155488954,-6542857046927422562
253,756,-8054752993279079093,8880946447659731130
253,756,-336115910167812824,2375617289256028502
253,756,-2489101985054312486,-1575520075064723382
253,756,-4176074522107554296,6669547037224571878
253,756,-4302950055986214839,1706096603763827972
253,756,-2753456975546669912,-5705259528528082713
253,756,-1440291026903157631,8751898229216330806
253,756,8236032432486301212,3703316175895083432
253,756,-7210472685807358452,-8730356063651892700
253,756,-5422589240592582680,-3630069193130441776
253,756,-7612248961705816965,-2525437367694993511
253,756,-5958040429088706488,-8386518940911559823
253,756,-2623495136074172555,-2382295042372509584
253,756,-1352082275182271440,-5619419137060107501
253,756,8414317450943467399,5254302692150620762
253,756,-1944464413178793998,-3482996678812509735
253,756,1085818666797012840,6584739646444210610
253,756,-4866499733611006933,8133225164748614378
253,756,-5602181952387735101,-4450127966698278532
253,756,-7658445732245274825,-4593497753573503775
253,756,-337575934749580819,6576262120953187634
253,756,369872817535287203,3401272636335734453
253,756,-1844113977455198960,-396452740774498624
253,756,-6449014548540610087,-8126661717196355042
253,756,-5736790985005363304,-1020021384155562118
253,756,2280602834924636068,-3833284268981588391
253,756,5461318126594115752,-6737332740517032277
253,756,-2399242607603226243,6201569638872212509
253,756,1968903047920294869,-4265900804823972049
253,756,-476548146083709339,-5110640287658478977
253,756,5102416633118515524,8788181043913976100
253,756,-1163347433695108137,2482304334355282205
253,756,-7166424903195128733,-1045886609559776706
253,756,1918084260354315595,1534809174503836593
253,756,6055457567268847637,7806942795041823616
253,756,3934982332515438183,-3293685482719315465
253,756,-7249397115166272995,-5239542107116018012
253,756,2965218584701410454,3754603328184284475
253,756,8675499740119998008,2607365548620132156
253,756,6753251782070498070,-8034008726790986927
253,756,435959501691943944,1980471407898634626
253,756,4748050933605550112,-5146154263022053010
253,756,514646569906499036,8222591336771882466
253,756,-8012383352953387658,8436936407259779386
253,756,4468975695084421074,6543204679926893392
253,756,-6612923679217046100,-5231077679623888689
253,756,-2415756346601874785,9057269792962391899
253,756,-8695372360544697637,3538125677757091718
253,756,2929652058514572139,-3133191185472523645
253,756,8082690066979699487,-4282690401153784769
253,756,9222137036418410136,5969253572435488096
253,756,7417038271057428526,-7581253498685887728
253,756,-8493240933855336352,4559750718503202897
253,756,-192552168722748747,2506349269689702303
253,756,-4969223678025617873,874347227596577909
253,756,8643817434789864886,6110513023146696795
253,756,29508963491045828,3560034112533111184
253,756,2258544760599180381,-7315295113027975501
253,756,-3439060055406361271,4407411260659512029
253,756,-6398927358787969907,2700817993915181852
253,756,-4824784438880747254,5446445849796372532
253,756,-5488919626717866266,5446198173700252103
253,756,998848868284406199,-5598428699308134865
253,756,7229233815792340114,4261576017771808506
253,756,5690810942184821060,1350845749554522738
253,756,-6043503758403981993,-5376529559489183549
253,756,6035098633578271432,-4461709989436205433
253,756,-1428626784353312451,-6363363215344709790
253,756,-5283670957228220320,1054010002981684807
253,756,5960294304502248031,-7867616703623838531
253,756,7906144871930320609,6566919776378179996
253,756,8159481290394189463,-3538548164389960230
253,756,-2476910215955766494,-1305361553254481222
253,756,2423651805260680000,456160972845279197
253,756,-1712692044285104794,-8099512204864822809
253,756,2130591203703732614,-7956405304337985746
253,756,-5883002363895613568,8807564507660366568
253,756,4697982668972482990,6851911091015287372
253,756,-2889320184076829268,3500243644120312597
253,756,-1478088432054696391,5135684181618575458
253,756,-7750289591144458903,-5180886903299755100
253,756,5173978670988157863,-6473945163686215971
253,756,2849395300431698586,-3719987291435044139
253,756,-6484637767454377629,-3591743488091085449
253,756,1881687081642927676,-3017693864162297543
253,756,969162099384980811,3567408451979653202
253,756,6646673416089028027,-7735504443851985679
253,756,533339447524019099,-8945811184722561232
253,756,4290486097633059952,5357840246234016553
253,756,-4778838532040923249,-1879580441355069781
253,756,5854911793481350218,-5211843359504975590
253,756,8722241184133612289,-4501117188067578850
253,756,-9129352145899894481,-3387644730737517853
253,756,-4382832320673241439,-6649157410989915239
253,756,851610574632728999,-5872037818027234547
253,756,-4666279283895489662,4543179444206889174
253,756,-4800810872133315825,-8468937366454028493
253,756,-3907209455964502441,-3694901467133779670
253,756,1713246194605555020,-4687754667921576131
253,756,4724201160235863239,-3120653616719302137
253,756,-6828870035058227798,4694929799650225116
253,756,6047861141487192262,-4008492211624213202
253,756,-5940053026634633214,5864236612890121213
253,756,-1185080195187230489,1237447537349252749
253,756,-8020529312373053681,3184048904251945286
253,756,1996087388832493956,-4348190845533220040
253,756,-2705017142974173522,3528151144208319267
253,756,-1529468172965817693,3106519977420169646
253,756,3989566849748291257,-3033257037656744025
253,756,5201260484888683019,-2428190182343789426
253,756,1177922310692017139,4252430484075279304
253,756,1003405630820379309,-6503968250024260121
253,756,-69331986702920456,9206930290534661016
253,756,6886531367883161114,8035758756755319111
253,756,-8034578754380577591,-5531208491636036091
253,756,4060788822579763379,-4283405227755893935
253,756,3735730843437555397,-8615191241724132713
253,756,1876707377484096151,2301555168019617853
253,756,-4529135541012239348,-9038798308205762867
253,756,4486879217248862443,-3608105024849030607
253,756,-294948888612093182,6257571407694917635
253,756,-8406478762251416608,6702729568294815913
253,756,4596398997549795154,-6199532144971834850
253,756,-5175877366069963527,5956851281345727476
253,756,-1697360308782203742,7735375764595401614
253,756,-1283423194419965831,-5509623485109740776
253,756,-4821848093883130950,-3610569968057924757
253,756,-4010937307583846295,7681679404770734031
253,756,7890285146781493273,3073892821799217645
253,756,4873824738164944509,-4599626611990931525
253,756,4175441662070667401,730896372814086753
253,756,5013744807692307162,-5542772478801059376
253,756,6900502662744005673,8682255551570032122
253,756,6647378230185573839,-7069249025200012173
253,756,4774586233301115263,8376388576084238430
253,756,2223264425510219498,-2790851798102315202
253,756,3164640389794529114,-9127416930636258227
253,756,8911538095160578583,-2083714729010036145
253,756,5526985825652538643,3572552431561482967
253,756,7995950960666237953,-3888908990259509435
253,756,-5964458676167694597,4412505969455897164
253,756,6571003271250382341,-1141091001237555059
253,756,-7905899706705934015,-9033081953354615994
253,756,-5262230764801159256,-6494265669795601484
253,756,4409411166856702297,2566344474486989970
253,756,-1289128706726702973,-5912000288807926944
253,756,1586700184019878771,6912324689778232111
253,756,-103888426295651375,8042430650619640701
253,756,-2808680110371339308,-5818605239259330209
253,756,7989016341296520254,-2177222250907721847
253,756,3914675141887589736,8667341466039692326
253,756,4401029929961706793,9147815250572764025
253,756,1029086439082550006,5953786217699366337
253,756,2607504576020189559,616289806642076342
253,756,6160109142962942686,1762499401866416421
253,756,6232509864859821697,-2980674984732716718
253,756,-8500624183400098885,-3403414619053043039
253,756,995955571543507316,6581590265522936777
253,756,8902788954109846821,4055318258200020820
253,756,-6977260446380904576,8485380076258340566
253,756,8443232169931079321,2952931849919469827
253,756,5277836876963497976,-2770303998773116877
253,756,-7526097840543131098,5876296438923297270
253,756,4292819248207246981,-6743347709027367537
253,756,9042947590945632967,6969428219279490751
253,756,-2304606069674047140,8844480488941922113
253,756,6385014358574077423,7497509014825180286
253,756,-772650833179538887,-264246672060150050
253,756,7506629759789197737,-1879613911532596757
253,756,4549873749272713358,5518270127921826060
253,756,-6122701387616942716,2350024624482977579
253,756,-664287134587170809,-2980616679483816480
253,756,-3765906875992548741,1448718089491621340
253,756,-8043712999717812167,7651981285081223111
253,756,8172667646606687494,2235150205199501237
253,756,-7498400636247142255,607317363586502114
253,756,3407052557711653407,-2189037984292695542
253,756,-6160048979698533183,-4792211133024816614
253,756,-5770646160997169393,253689517415456522
253,756,-1236954845378550730,7239492929942596256
253,756,5960695576364318364,4789283662516639516
253,756,-8187447330742927001,-1790072826828504981
253,756,1699538018855345567,-2560010662117018679
253,756,6556453656449126551,-3978883808270767673
253,756,-5075277862988639774,-2007965169945221915
253,756,-5120160460700088443,1258207879000257061
253,756,-9193906863862044265,8918972303707277563
253,756,6775829018711167925,-8066935708491765401
253,756,-1122026944584950054,-1921050845855327255
253,756,1930809431518096180,-7878082224857477354
253,756,-2192621584430956132,3527551839248602235
253,756,7078326443095860371,8554651224223456789
253,756,-5527758064678497765,5629038155777890246
253,756,-1214535859078987561,5255396354607598154
253,756,1192248772632222068,-8389655570403936031
253,756,5856822887787397776,4006953464802104360
253,756,-5047234529160759747,-5812005602203469943
253,756,-2550606007080912359,-7038982386721485918
253,756,-7595415767559813331,8470353728007019519
253,756,-6429048094780908278,-1663513426050436837
253,756,710123507732637575,8692172881966020846
253,756,262858506282650956,5491940763396375399
253,756,8371133223199192643,-798958841124713772
253,756,-691833185462185073,424079017735690427
253,756,2712774107091582285,-5105884682975539198
253,756,1494530826582763066,-3609157210062140843
253,756,-3823269709547781278,7755977211937325912
253,756,8460129479166258198,-7880085386864917256
253,756,-3208722627122931866,-4953368103585659054
253,756,-8748635396768996645,3649850644905617765
253,756,-7671663773887377069,-6481527598234264416
253,756,-6548370865784695245,2600417414799981062
253,756,2124371586301358609,2468820217700234667
253,756,-961468066458655366,-130276266398871219
253,756,8586120098731733746,-949787364799774342
253,756,-3115092953661842649,8620831496734845356
253,756,-882100567608711093,-8738173269111594028
253,756,-1716624804711643280,-609803350447216969
253,756,1625742317071640927,-4009767105014968601
253,756,-4307825631290632894,-6752163608342549868
253,756,7771962200199473312,-5594811814917025572
253,756,1197944798781101622,-4687075914650924983
253,756,492986456544515311,8660407366424454529
253,756,2986965613347459715,8122525443210263402
253,756,7421908951035733259,-6921509885381720492
253,756,5690185703304963171,7016679828145003557
253,756,-6851854503742885108,4045116778929886326
253,756,-1564767082581232391,6228047566180139484
253,756,-7298010192599908432,7667465611274313544
253,756,7315841048737797289,-7419287278361359409
253,756,-2238841858048837754,-6277673897602858779
253,756,4339460814120257868,-5921242674347519059
253,756,-4525532589078990485,8325054856730901615
253,756,6467292423521224618,1043936894348472961
253,756,-5053580697606747457,-3919674830583364362
253,756,5474491974047494854,-5427213512211540558
253,756,-4483022869122128696,-3149454184585932033
253,756,1861448985778843804,623393332488906754
253,756,1742468910823115372,6725319105872282558
253,756,2572240340818601525,-4701344987197079425
253,756,8832359307796269090,-948508209065985477
253,756,-4489902271280683299,6568423081014899732
253,756,-6688804848738139951,-1883322134003255903
253,756,-4778169280698830069,1687284318006735896
253,756,-2349375820247376556,-2853811293752164104
253,756,-5637604007205299303,5682391101943650117
253,756,8150900073158285167,1290341855546413858
253,756,4227729050402229698,-1931244395059885188
253,756,-1610342169423562342,-4160388223927854946
253,756,7455682344638350621,-1843487617645197553
253,756,-3001282523607652520,5261000135243764063
253,756,6057271601288893629,5970726973035366646
253,756,425282534667441395,8116654349535491984
253,756,-6358856095011182183,-3811764157986560630
253,756,4305276197823783860,-4961706565971454035
253,756,-4587369239108152898,6414300202282467369
253,756,-5078863580711666415,3507026870122535139
253,756,3270100585483784873,-6597636039714985192
253,756,-382651091982794196,6970193935130356594
253,756,6004640579893687155,-3092294811280223595
253,756,-1094278386723697748,-6521617018863781698
253,756,-5698040028817739920,-706711614383820785
253,756,9181520698810877578,3808426753477357164
253,756,-1910925258951809961,-997259633155460238
253,756,3695518187755435403,-8021580370995781100
253,756,3712687480145407428,2168850562493206418
253,756,3117196741620550578,2028702395388123803
253,756,2468675306553825581,8349021068888978689
253,756,-2505353939603640708,1309408643907526222
253,756,3954524226893167217,-1722687252434656537
253,756,2797449627220501842,4760143384416582213
253,756,7608271349907686033,-9173318601368479633
253,756,2888108961802833947,3714806578501620564
253,756,-546194898120840654,4704178596100279972
253,756,4383780444682221651,-4580696250028835560
253,756,-9055393697638072656,-7156304233572549917
253,756,3128691018369911431,286177723686544613
253,756,-2794929657837164009,-5152169910366202736
253,756,-9223030181008421049,6999664107867438768
253,756,8920725238760961399,-6068130972476351049
253,756,-8228135389690233610,-3995818022227609724
253,756,-7872640888450152182,-376792329338267832
253,756,-7627897866529818009,976594509482402595
253,756,8326171550104519763,-3717047704142040740
253,756,1206840183346764949,4231471153061341821
253,756,8765630585012339212,2013568157072876727
253,756,113898335744734204,-2972625350519564975
253,756,1094924708613301433,5311766923385450283
253,756,-5972131190314957119,5345989481059916601
253,756,6966919471640284448,-5311581062598599344
253,756,1239024103485536515,-892135978110255115
253,756,5032431896368891593,-1363226183003987257
253,756,-1181980540232072520,-1269137482942347470
253,756,2398355503904947971,7826530028965669504
253,756,-1076734674196677213,3017610080198527023
253,756,-36903545131915221,7744097578629649322
253,756,-7222469505608518794,2418208523372879872
253,756,-3238995339938882580,7335487843597228349
253,756,-1477045326124976786,-3462474803831703214
253,756,4881642565328270972,4769083488746946251
253,756,3686500146595350845,3474222070306627679
253,756,2528239291927435350,-5910078339830818908
253,756,2988794163251739226,-4006516075749867605
253,756,8163320839869900309,4228124217433991926
253,756,-2483048004555089104,7525371484336376822
253,756,-3721822407204126869,-710351249983076809
253,756,4979213910158656351,-5817910920884490416
253,756,1107963861851132156,8748301302789501764
253,756,8543250001526792991,5221420472739888814
253,756,2178802526508260901,-6131093253710103349
253,756,-1139752370155972077,8893459927856746287
253,756,-1165523815951820727,6991281443241079079
253,756,-1014845104435915304,6509579069940855005
253,756,-6406869189317794106,1793356008259319918
253,756,4168932810361093494,1749413377756909087
253,756,3676439667783664289,814685106423259006
253,756,2187272385054989531,879575369249956050
253,756,-2015133141662771389,3501679517665338342
253,756,7654163927937893831,-6508574493967647771
253,756,2676041007734587171,-1432311646214215283
253,756,8998643011198884536,-1110806270197307217
253,756,4057887099820764344,6230804930807254972
253,756,-2457900529108195255,2426713113127547329
253,756,1868880295326061352,8510974487085148
253,756,-8713956060110215473,-5073593945811347038
253,756,5103847943768618525,-546517891332562869
253,756,1070266394916075834,-1731478250303875819
253,756,-1131659451507272249,-5969379608793074383
253,756,6921623487398869409,-3804817769035672850
253,756,4122296742789109190,1004117846069634111
253,756,-3811113627990328984,3723365824108261882
253,756,-7459803613305782935,4720666215532182621
253,756,8273112590756374569,9195699993391643907
253,756,-1320808880240997036,-7543121253577837152
253,756,-161946663902904752,3829705367639828190
253,756,6219442146035785688,5774359813829798058
253,756,-6213423398942196506,-2766805361844555904
253,756,-3015593548553766882,1566481628827582925
253,756,-2991549558624237784,301554217041449050
253,756,-7448355657109719181,6484075635994212140
253,756,-1187927514562432117,7665997146340882673
253,756,6702109911412435158,1307623901093599675
253,756,4974735359708203207,-1083516966727766439
253,756,6591049295222193605,9007315239873757222
253,756,4133645462379997553,3691920639349044140
253,756,-6253051542733453917,-1481950015829863499
253,756,7024746677259838636,4313986954890582264
253,756,-1739286976571925797,-913574454620840669
253,756,-8910246448173916738,-4297679102323872946
253,756,-8990772534722978409,8623813228816630427
253,756,-29750284641300372,-4878645333026395357
253,756,-2093716663619269761,-6460178626666714086
253,756,-3606710948921106854,-8706457623293840298
253,756,-3758564878841482666,-8572135230760126266
253,756,5929899115426383443,-3069273203464900921
253,756,-345932430056204027,8330154439785503291
253,756,-3187360556686182145,-477598765383466933
253,756,-866655812209393412,-3614935932084147709
253,756,8705384942663229172,-6914093103456445768
253,756,-1271835200510036479,-1222860987945736864
253,756,6924651595365714918,-7222851829530669102
253,756,-647707964824122916,-8267004336071798859
253,756,6402130888676301071,5179845042458323311
253,756,-8556650091852160883,6291967093464914190
253,756,-4235629896023279372,-1447183049866960995
253,756,4573404793543348441,-41322577434407380
253,756,485473664860982111,-7865062973910021415
253,756,6622622344053546781,9067670460929818418
253,756,-7646963724396324952,2047741810169721517
253,756,5007069571946758111,1675917648477749450
253,756,-2644347571311668257,2503909946776784799
253,756,3703011831502711289,7127147561227517326
253,756,-8500200266983780982,5076550471804434107
253,756,-3928470389483197197,2527863548660662870
253,756,-530120290320872313,1170574328337539551
253,756,-1188693419603970074,-3630617088729423296
253,756,8266076548655817706,610997838420635584
253,756,-816625218641450104,2009068113301836451
253,756,-1576601611592593746,-2696461935757821153
253,756,9142451661757517984,6507837932248921830
253,756,512967769932032070,9157785311484257855
253,756,-8829596475058723509,-876958720189677037
253,756,-1830705122946144845,-8509690187122506042
253,756,2375302765632645164,2685833343736988745
253,756,-6870800433994667998,3885602992654198269
253,756,-4786766929563167360,-3949795224364731179
253,756,6697503448412262452,-6310648805394668200
253,756,3832106000251637937,-7732933684132919729
253,756,450242779722786185,887941373462296291
253,756,-8910433602122165462,-2904521574099659159
253,756,8486666639792649169,8158679360046880869
253,756,-313448861850417997,4053754814478112978
253,756,-4207963015976739731,5674883412484345411
253,756,-121682947372454529,6513984150625977878
253,756,360967982834149346,6731870194619464701
253,756,-8668790873987708824,8644802010831353517
253,756,4562084346434071921,-6286403904426235479
253,756,5990939467540696946,4665736604894248429
253,756,-8172472284969401261,7153107442695198610
253,756,3199231160393434312,-2975072727704312475
253,756,7262626164664214146,1462431336509230806
253,756,3959590698486084306,7676897438013190711
253,756,8850712200757966031,6075045424645573165
253,756,-6788559034121375670,2864339800726566834
253,756,2467485053800605642,-8780764876400136133
253,756,-5533375020792671675,5973946413678982433
253,756,-1177594189332199020,-4162112081869455653
253,756,-7464894459612186526,1722801724995122760
253,756,-5979484802553872296,8739285058240716185
253,756,7917013126371221075,-8536541745824633781
253,756,5463303501220731922,-1793632701414859984
253,756,2119116748442068343,-1727868048873120092
253,756,4133655830303010595,-6138230680961413968
253,756,-978282248307001065,-3111106552073365585
253,756,5771447155794984251,3518250183958715199
253,756,7275904188700324685,-9041831449922015800
253,756,3274137238607259979,-8656304420013929861
253,756,-737109172841655692,4033451774308128009
253,756,-5790173154476154469,693393940004649248
253,756,-4617097014277209987,-6986161820315487773
253,756,-8374684447570716601,3373599476333393357
253,756,-5183701471432002141,6767640533357549911
253,756,7338993093320213295,-4191588203560283626
253,756,6183970897285217325,-8666183681419284211
253,756,-379063873918839673,-7803866856652802590
253,756,720836515570510584,-1197225846883954269
253,756,-9023152228944686800,-2168262617034582753
253,756,-8893031090516850915,8295690300146494609
253,756,-1139125641294322007,-7847831842431113600
253,756,6329658556720953005,-4192367379264324254
253,756,1235767272995669432,-458815593847747692
253,756,8453552667143430102,3713841381809956798
253,756,8268993393687846331,871450955626345132
253,756,1897254095829807376,-829329567469397843
253,756,-8936385797203985426,757158193506949221
253,756,-2394957535617703152,-7284945060158947004
253,756,-3535838077467296418,-7290248582909964979
253,756,-7742385270303302546,7829632050841724130
253,756,8377748061495860586,-4623947803174313260
253,756,8268001341195345137,-8889413125525099027
253,756,1452559895643600990,-1826232013027881550
253,756,-2699361450185784822,1001719412391694807
253,756,-2240895552377673191,4207904173809352863
253,756,-7137139112716533253,253263677571217634
253,756,-5186166453144725189,-7413892815853558617
253,756,-2868806085389229639,6342441807078735464
253,756,1589107783224826684,3757575125766889615
253,756,181277220964451443,-1070770969597271707
253,756,-5898179861169742632,1999781995552102627
253,756,-868277178410839696,2558341616506804885
253,756,-7892067093610946721,-1617325107038496909
253,756,-8823562224415893917,-692216506142314244
253,756,8029261214008909859,-3551944873572011919
253,756,6170742479504542281,-5889830247141706018
253,756,6261370742423241265,8566837042800261106
253,756,-7873526073317018588,4389247182354511890
253,756,2127354663032789048,-6794173899236243494
253,756,8485948646987366709,2700944073013353101
253,756,7524005230295719429,-6059855555302523977
253,756,4281057560352761208,-8376917721699664059
253,756,-6126960073998905457,6514235274682603445
253,756,-2806912627627691744,-8673915630409633610
253,756,7155479809979910695,1160988120149379444
253,756,2757359214458609065,8934822176468133268
253,756,-206493025165813746,-3800161212561004093
253,756,-3685766447652348256,-3890676458782481424
253,756,-1581318206312826085,7433124195855663065
253,756,-6308640255556265557,6254735352283500175
253,756,-1053611592514769549,-4412743872188992496
253,756,-825259652775653222,2261705818864418298
253,756,2547089961327688112,9207751212947672190
253,756,5262170731836788394,-8967806558282804847
253,756,5980173617557457943,319212132598202628
253,756,-4486728222062738615,988730636134805582
253,756,-8577322596703159587,-5640745926071859223
253,756,4892991858567689136,-3133249889695721544
253,756,9138514271510334123,5088706213037990885
253,756,2586471006469604641,-5264136062642577088
253,756,7222692419337670421,8625120358612841266
253,756,4917852608842608705,-8818190787314044180
253,756,8724559042173445350,971122206377972231
253,756,1204230525250863601,5254528049148546972
253,756,-8226179270995795420,-233806007843056234
253,756,4794067594777622635,3285913761925775059
253,756,6549422824846222399,742478127550244688
253,756,-5913755999411538948,-3254745315182414328
253,756,-7547434260524396455,-884606454679985554
253,756,3800104253771836953,5563619001649435105
253,756,-2156555392002873043,-8646369409210145137
253,756,-7772664801943237808,-8647292007922298304
253,756,4768419558151019242,-1913934897599982218
253,756,5226937700609860800,-7521399454198576293
253,756,-4527558257773710378,2721059710274250982
253,756,-7351739791319242426,-6198071841528399465
253,756,-7355400810099693765,2861012852603107666
253,756,-2084710270812538465,8006479676354327504
253,756,-4436278566156991556,-6737220716590297938
253,756,4397031422366543699,5555449317430973939
253,756,5457244787994055046,-2686454811361556744
253,756,7616078356112510831,-1949891966932935681
253,756,2644426388063573432,-7587398015503149972
253,756,-8441896247267004131,-4524036929985054936
253,756,7090267654759054953,1415537715613843503
253,756,1573274226029401680,-1984636847536356057
253,756,-2254810008485676241,878599291258010380
253,756,1058298966791954766,8634965436487259504
253,756,-1946125653933025241,2184064847749282902
253,756,2463778715371995748,1658463320742720881
253,756,9058163360388441368,2126827345179637356
253,756,-6765707757045554387,2641211967762548486
253,756,2442370777803468973,-5567393036299330946
253,756,5643638092687254661,-3040853494210280464
253,756,5726349318707709219,2198591841742499923
253,756,8572400127591565369,-9064394232271398778
253,756,-4737824946154797826,7115783572809060180
253,756,-284238398481978115,4608368937870457832
253,756,6902928873303960019,6683467843777473705
253,756,4405992168967191079,2351276126645350585
253,756,6273478347008230256,5698252905902137886
253,756,8868265503110454236,4231127618875193192
253,756,6304153560123534343,5020669934238680913
253,756,5628380182789040765,4305776223459955197
253,756,-6054347751645736997,-1750247306365329190
253,756,2184879042476261868,488155300187312217
253,756,802391629755493804,-7202146099343478563
253,756,-6303804184262149478,3879676414060857944
253,756,-8862424258735034252,-2682606721565931767
253,756,-175517256100461426,8865941784406078690
253,756,-1862758245193051728,-8850722344158142003
253,756,-8224354979792199892,785832367636645687
253,756,1971978342917053193,-4990056674708654403
253,756,4460889850877758748,7648892510976304143
253,756,-7664822463095687127,-2904464576025091148
253,756,3047641141439284075,2526043243451501720
253,756,2653125754683194309,6109028376462620769
253,756,5982645937354351309,3592960805881093261
253,756,-3613909959470395846,-5986684267603446323
253,756,-5031074206493515395,-654821146286238307
253,756,-7402321892077439689,535056287961902278
253,756,-629678200427109495,9023625247028424995
